990521,38.13,38.25,36.81,37.31,37867500
990524,37.25,37.31,35.63,36.13,40134800
990525,36.06,36.88,34.50,34.56,46403300
990526,35.13,35.38,32.88,34.56,49525900
990527,34.44,35.13,33.44,34.50,30814400
990528,34.50,35.00,33.75,34.44,19011600
990601,34.44,34.81,33.00,33.06,23119700
990602,33.06,33.88,31.37,33.50,41934800
990603,34.00,34.38,33.19,33.19,21184500
990604,33.75,34.31,33.06,33.88,20076600
990607,34.06,35.94,33.75,35.75,24011200
990608,35.44,35.44,33.75,34.00,20444500
990609,34.31,35.69,34.19,35.50,22840500
990610,35.06,35.44,34.13,34.50,19423900
990611,34.81,35.19,33.75,34.19,16372700
990614,34.19,34.50,33.25,33.31,13211300
990615,33.25,34.75,33.25,34.63,18899700
990616,35.19,35.94,34.56,35.81,25993000
990617,35.00,37.06,34.88,36.50,25945500
990618,35.50,37.13,35.00,36.70,25073300
990621,37.38,39.00,37.00,38.94,27161400
990622,39.13,39.44,37.50,37.56,21680500
990623,37.25,39.00,36.63,38.31,20097000
990624,39.00,39.25,37.50,38.13,25673600
990625,38.63,38.81,36.50,36.94,15459800
990628,37.50,37.75,36.25,37.06,15103000
990629,37.00,37.25,36.44,36.69,16431300
990630,36.56,37.63,36.06,37.00,29165000
990701,37.06,37.13,35.75,36.63,16224200
990702,36.75,37.19,36.63,37.13,13560200
990706,37.06,37.88,36.88,37.00,19829400
990707,36.94,38.88,36.63,38.31,21124100
990708,38.31,40.50,38.13,39.94,38714400
990709,41.44,42.81,41.38,42.81,46541400
990712,43.50,44.00,42.50,43.63,35572500
990713,42.50,43.50,41.81,42.25,22931700
990714,43.00,43.56,42.31,43.50,19305000
990715,43.56,44.06,43.06,43.94,22570600
990716,44.19,44.63,43.19,43.25,16963900
990719,43.50,43.75,42.38,42.44,14601900
990720,41.88,41.88,40.75,41.13,25611700
990721,41.00,41.88,40.25,41.25,15897000
990722,40.81,41.13,39.50,39.63,16643400
990723,40.06,41.19,40.02,41.00,16259700
990726,40.31,41.13,39.75,40.00,17244200
990727,40.63,42.38,40.50,42.13,26753700
990728,41.94,43.19,41.50,42.75,24763900
990729,41.56,42.00,41.19,41.25,15806400
990730,41.50,42.00,40.63,40.88,12400900
990802,40.38,41.25,39.88,39.94,14705000
990803,40.38,40.50,39.00,39.44,15571600
990804,39.31,40.13,38.94,39.13,14322500
990805,39.00,39.13,37.56,38.75,20777000
990806,38.50,40.25,38.50,39.81,18484200
990809,40.63,41.81,40.56,41.00,22471700
990810,41.19,41.69,39.38,40.44,21553400
990811,41.31,42.50,40.88,42.25,25114100
990812,41.13,41.75,40.25,40.25,23383700
990813,41.14,41.50,40.63,41.44,18513300
990816,41.25,41.94,40.75,41.44,18227800
990817,42.06,42.25,40.81,41.13,33120500
990818,44.13,45.05,44.00,44.56,96114200
990819,44.06,44.63,43.75,43.88,31418600
990820,44.06,44.13,42.56,43.25,22635000
990823,43.44,46.00,42.88,45.75,49484500
990824,45.31,47.25,45.19,46.38,54382700
990825,47.06,49.06,46.38,49.00,50113300
990826,48.75,49.06,47.63,47.94,31101900
990827,47.75,47.88,46.50,47.06,25701100
990830,46.88,47.13,46.13,46.31,21021900
990831,46.06,48.88,45.25,48.81,39173000
990901,48.25,48.44,47.38,47.88,22121700
990902,46.75,48.06,46.19,47.69,20391900
990903,48.63,49.50,48.25,49.44,34545000
990907,49.00,49.94,48.94,49.38,24593700
990908,48.94,49.38,47.63,47.63,24339800
990909,48.00,48.88,47.81,48.88,19171300
990910,49.25,49.81,48.81,49.56,23977700
990913,49.00,49.56,47.88,47.88,14870200
990914,47.63,48.56,46.88,47.06,22637300
990915,47.69,47.75,46.00,46.69,22771400
990916,46.50,47.19,45.19,46.75,20564500
990917,47.06,48.88,47.00,48.88,25643100
990920,48.56,49.06,48.00,48.88,16579800
990921,47.81,47.94,46.19,46.50,21184100
990922,46.50,46.75,45.44,46.06,19460300
990923,46.56,46.75,42.63,43.00,36262800
990924,42.69,44.06,42.48,43.69,31902500
990927,45.00,45.06,43.94,44.06,21744200
990928,43.81,44.50,42.75,43.88,29159400
990929,43.69,44.44,42.50,42.56,17991700
990930,42.94,43.81,41.75,41.81,28604700
991001,40.13,42.63,39.75,42.53,43423400
991004,42.56,43.31,41.81,43.25,17291400
991005,43.19,44.44,42.56,43.81,20883400
991006,44.19,44.31,43.00,43.31,20160200
991007,43.94,44.75,43.31,44.38,31733900
991008,45.00,46.31,44.56,45.50,28413900
991011,45.63,46.50,45.25,45.56,16759500
991012,45.38,46.13,44.00,45.50,14837200
991013,44.61,45.50,44.00,44.44,20696100
991014,44.44,45.13,43.88,44.34,18828400
991015,43.69,43.69,42.38,42.81,21883700
991018,42.50,42.50,39.00,41.31,29515000
991019,38.50,39.25,37.38,38.50,80909800
991020,39.63,40.63,38.75,40.00,28780000
991021,38.38,39.94,38.25,39.50,21793700
991022,40.00,40.50,39.44,39.88,15764100
991025,40.25,40.63,39.00,39.19,16794200
991026,39.63,40.50,39.50,39.56,18720500
991027,38.75,38.88,37.88,38.38,24979400
991028,39.06,39.13,38.00,38.50,21755900
991029,39.75,40.75,39.69,40.13,28034500
991101,40.00,40.94,40.00,40.75,18185300
991102,40.88,41.19,40.13,41.19,26282300
991103,41.63,42.69,41.50,42.00,22190300
991104,42.13,43.00,41.75,42.56,18523600
991105,43.00,43.50,40.31,40.75,29783000
991108,40.13,40.94,39.31,40.13,27953400
991109,40.50,41.23,39.50,40.56,23845600
991110,40.38,42.13,40.06,41.44,23166900
991111,41.38,44.00,41.23,43.44,44716900
991112,43.50,44.00,40.50,41.75,43492200
991115,41.13,41.56,40.63,40.81,21143600
991116,40.88,41.88,40.00,41.69,26756700
991117,41.19,42.00,39.63,39.75,37680300
991118,40.31,41.34,39.63,40.94,37383100
991119,40.50,41.72,40.17,41.31,26185500
991122,41.27,42.00,40.63,41.75,22652500
991123,41.81,42.06,41.00,41.25,25344200
991124,41.00,43.50,41.00,43.31,31002200
991126,43.56,43.94,42.75,42.94,11281400
991129,42.44,45.13,40.75,43.75,39163600
991130,44.50,45.13,43.00,43.00,27844800
991201,42.81,44.56,41.50,43.13,36431200
991202,43.06,45.13,41.06,44.94,36214200
991203,45.38,45.56,44.50,45.31,44085900
991206,44.88,45.19,44.13,44.75,20652300
991207,45.13,45.75,44.81,45.38,27989200
991208,44.88,45.19,43.38,43.50,22059200
991209,43.38,44.19,42.00,42.75,27978300
991210,42.50,43.38,41.13,41.56,29311200
991213,41.13,41.88,40.94,41.75,19234500
991214,41.63,42.44,41.00,41.06,19907700
991215,41.00,43.56,40.50,43.19,25535600
991216,42.94,45.00,42.38,44.94,34130300
991217,45.06,46.00,44.17,45.56,43105300
991220,46.19,48.31,46.00,47.69,55518300
991221,47.81,50.00,46.88,49.75,41129700
991222,49.31,50.63,48.25,50.31,34935900
991223,50.56,53.97,50.56,52.69,41539800
991227,53.38,53.63,50.25,52.31,22167800
991228,51.56,52.06,50.75,51.56,15968400
991229,50.81,52.75,50.75,51.81,12188000
991230,51.75,52.50,51.56,52.06,9910800
991231,51.75,52.00,50.50,51.00,6603100
000103,51.38,51.88,48.31,50.88,35931600
000104,48.06,49.25,46.50,46.63,36143700
000105,47.00,50.06,46.88,49.94,51134200
000106,47.56,49.13,47.06,48.00,28913700
000107,47.06,47.98,44.88,46.19,45193000
000110,46.44,46.50,43.75,44.13,41094800
000111,43.56,44.63,42.50,42.81,33892500
000112,43.00,44.00,41.75,41.81,30608900
000113,43.06,43.69,42.63,43.13,33030000
000114,44.31,46.06,43.88,44.00,41192000
000118,43.88,44.00,41.94,42.06,32465000
000119,41.75,42.97,41.00,42.50,28433400
000120,43.69,44.44,42.50,43.75,27533900
000121,43.88,44.75,43.44,43.75,22001700
000124,42.55,43.13,41.31,41.56,30987500
000125,41.50,42.63,40.75,42.13,22614500
000126,41.06,42.00,39.50,40.38,22359500
000127,39.55,41.00,37.44,37.56,22770500
000128,37.88,39.56,37.06,37.25,50129400
000131,37.50,38.56,37.00,38.44,34099800
000201,38.56,39.13,37.50,38.94,28727000
000202,38.88,39.19,38.00,38.13,24821900
000203,38.38,38.88,38.13,38.50,28688100
000204,38.56,39.00,38.31,38.50,18617000
000207,38.50,38.63,37.48,37.63,20531100
000208,36.94,37.81,35.00,37.06,69018900
000209,36.31,37.17,35.50,35.56,30260300
000210,36.25,39.25,36.13,38.80,44485800
000211,39.38,39.38,36.81,36.88,43769400
000214,37.13,37.50,36.25,36.44,24443400
000215,36.44,38.06,36.00,37.88,28243700
000216,37.75,38.63,37.13,38.00,29807200
000217,38.31,40.69,37.45,40.69,44101900
000218,40.06,40.50,39.69,40.06,28486600
000222,39.63,40.13,38.00,39.81,23891600
000223,39.00,42.06,39.00,41.38,38281700
000224,41.50,43.44,41.06,42.38,61460000
000225,43.63,43.81,41.00,41.25,29408900
000228,40.25,41.13,39.50,41.00,28549100
000229,40.69,41.00,39.63,40.81,26957500
000301,40.19,43.19,39.94,43.02,56355200
000302,42.19,45.00,41.88,44.94,53104100
000303,45.02,47.13,44.75,46.25,51882000
000306,46.28,47.88,45.00,46.75,36851400
000307,46.81,47.00,45.25,45.75,28300300
000308,45.81,47.63,45.25,46.94,34414200
000309,46.63,50.63,46.50,50.44,71243900
000310,51.38,54.03,50.75,51.25,77760600
000313,52.25,56.00,51.63,54.75,76383000
000314,56.19,57.94,55.42,55.94,56887800
000315,55.88,55.94,53.38,53.69,39282800
000316,53.56,55.06,51.00,55.00,35774100
000317,54.75,56.81,53.89,56.44,29863900
000320,57.64,59.06,56.56,57.69,29880500
000321,57.50,58.31,56.56,58.00,23523100
000322,58.81,59.69,57.63,58.13,32634500
000323,57.00,58.25,55.63,57.50,21374200
000324,57.00,59.00,55.75,56.44,21873600
000327,56.50,59.13,55.31,57.88,28125300
000328,56.94,57.81,55.88,55.88,22639200
000329,55.75,55.81,53.19,53.81,31643700
000330,52.00,54.56,51.25,52.19,31523000
000331,52.81,55.25,52.19,53.94,38121200
000403,53.75,55.13,53.00,53.38,28055800
000404,53.94,55.88,48.00,54.31,52214400
000405,53.00,56.75,52.69,53.92,35171400
000406,55.31,56.88,50.00,51.56,37435000
000407,52.38,56.00,52.25,55.19,35049100
000410,54.94,56.63,54.25,54.44,20394400
000411,53.50,56.06,53.13,55.44,20835500
000412,54.50,55.00,51.19,51.38,27431900
000413,51.25,54.50,50.47,51.69,26130800
000414,50.50,51.25,47.00,47.63,36016600
000417,46.25,49.69,46.19,48.75,34992000
000418,48.94,51.69,48.63,50.50,33760600
000419,50.38,50.81,49.00,49.56,18971600
000420,49.38,50.31,49.38,49.94,14823900
000424,47.25,47.88,46.31,47.75,22057800
000425,48.56,51.50,48.31,51.13,21770600
000426,51.38,52.00,49.88,50.00,18053800
000427,48.38,52.06,48.38,51.75,20114400
000428,52.25,53.00,49.56,50.13,21381100
000501,50.69,51.25,49.00,51.06,23757000
000502,50.63,51.72,49.56,49.81,18743900
000503,49.63,49.75,47.81,49.31,16465900
000504,49.06,49.06,46.75,47.25,16020500
000505,47.50,49.88,47.25,49.88,22155200
000508,49.06,49.63,47.50,47.94,13670500
000509,48.06,48.06,46.19,46.81,19677200
000510,46.13,46.56,44.56,44.94,33451100
000511,45.19,45.38,43.44,44.69,29455800
000512,48.75,51.50,48.38,49.88,61412200
000515,49.44,50.63,47.56,50.56,22997800
000516,51.25,51.38,47.88,49.88,21702300
000517,49.02,49.63,47.94,49.13,13104800
000518,49.06,49.50,47.63,47.88,11264800
000519,46.63,47.69,46.44,46.94,16613300
000522,46.88,47.13,43.63,45.94,21651400
000523,45.81,46.98,43.75,43.94,15210300
000524,43.53,45.38,42.31,45.25,22780600
000525,45.50,47.00,43.31,43.75,21063100
000526,43.50,43.75,41.38,42.38,18971600
000530,42.50,44.30,42.00,44.00,34247800
000531,43.81,44.63,42.88,43.13,19920000
000601,44.00,44.13,42.38,43.13,30213300
000602,44.63,45.13,43.00,43.31,31834800
000605,42.69,43.31,41.94,42.75,26332800
000606,42.44,45.25,42.38,44.69,33524700
000607,44.75,45.56,43.88,45.25,14770900
000608,46.13,46.88,44.75,45.31,18371600
000609,45.63,46.06,44.44,45.06,13561600
000612,44.75,45.00,43.88,44.88,11042500
000613,44.88,45.31,44.13,45.06,17213000
000614,45.31,46.81,45.06,46.19,31325500
000615,46.13,47.50,45.63,46.94,21335300
000616,47.19,48.00,46.81,47.50,28284100
000619,47.19,49.69,47.19,49.56,27585800
000620,49.50,50.06,48.25,48.56,21168000
000621,48.38,50.31,48.38,50.00,18407300
000622,49.63,50.38,48.25,48.50,22731100
000623,48.56,49.06,47.25,47.44,17955600
000626,47.69,49.06,47.50,49.00,17743300
000627,48.63,50.50,47.31,47.81,21745500
000628,48.13,49.50,47.38,49.00,15980800
000629,48.63,49.44,47.63,48.38,19646600
000630,48.06,49.56,47.38,49.31,21554800
000703,48.69,49.13,48.38,49.06,5861900
000705,48.69,49.00,46.75,47.44,16149700
000706,47.31,47.94,46.38,47.75,12672800
000707,48.19,50.88,48.00,50.69,23760800
000710,50.00,51.00,48.75,49.75,16059800
000711,49.23,51.75,49.06,50.75,24781900
000712,51.19,52.31,50.75,52.06,19434500
000713,51.94,52.98,51.19,52.94,20485500
000714,53.00,53.13,52.31,53.06,16776300
000717,52.56,53.81,52.25,53.56,16213000
000718,53.56,54.67,53.13,53.19,24159200
000719,52.63,52.94,50.75,51.38,14565600
000720,51.44,52.94,51.38,52.81,14306900
000721,52.63,53.13,52.00,52.38,12032800
000724,52.38,52.44,46.19,46.44,40778600
000725,47.31,47.69,45.94,46.81,36641600
000726,47.25,48.13,45.38,46.88,26367200
000727,46.31,47.06,45.44,45.50,15027800
000728,45.50,45.56,43.13,43.69,18233600
000731,44.06,44.25,42.38,43.94,17667300
000801,43.56,43.94,41.06,41.56,22599800
000802,40.19,40.50,38.50,39.56,47992800
000803,38.44,41.19,37.63,40.94,28637700
000804,41.88,42.56,40.38,41.38,15720900
000807,42.31,43.31,41.50,42.69,22917800
000808,42.44,42.88,41.13,41.69,16860500
000809,42.25,42.50,41.31,41.81,25993300
000810,41.94,42.94,41.38,41.75,19620500
000811,38.63,40.00,36.94,37.69,76061400
000814,38.63,38.75,36.25,36.69,45800200
000815,36.81,38.63,36.39,38.06,46633100
000816,38.06,38.81,37.31,38.44,29346700
000817,38.31,39.19,37.94,39.13,28424800
000818,39.13,39.63,38.31,38.75,23750600
000821,39.13,39.25,38.38,38.75,16720200
000822,38.69,38.75,37.13,37.44,33380500
000823,37.56,39.06,37.02,38.69,31820300
000824,38.81,39.44,38.50,39.00,23313600
000825,39.06,39.50,38.31,38.63,16750600
000828,38.69,40.00,38.38,39.50,22941900
000829,39.81,40.94,39.56,40.56,29107500
000830,40.44,40.69,39.81,39.94,20796200
000831,40.13,44.06,40.00,43.63,64214100
000901,43.81,43.88,42.13,43.06,28363900
000905,41.75,42.06,40.19,41.00,32853700
000906,40.69,40.75,38.75,39.50,32304800
000907,39.44,40.44,39.13,40.19,26921700
000908,40.69,41.00,38.63,38.88,25415600
000911,39.13,39.38,38.00,38.31,19675800
000912,38.50,38.50,37.00,37.44,29690300
000913,36.69,37.63,36.25,36.25,39601900
000914,36.88,37.69,36.56,36.63,27109200
000915,37.31,37.31,35.25,35.75,34856700
000918,35.94,36.13,33.94,34.44,29943000
000919,34.94,36.38,34.50,36.31,29563600
000920,36.56,38.75,36.38,38.56,44809700
000921,38.44,39.19,37.50,37.94,42150200
000922,33.25,36.00,32.75,35.94,80212300
000925,35.88,36.20,34.13,34.31,28999700
000926,34.50,35.13,33.19,33.63,35249400
000927,33.75,34.00,31.50,32.44,44869400
000928,32.56,33.75,31.87,33.44,41889700
000929,32.50,32.56,30.12,30.81,57731200
001002,32.00,32.13,29.00,29.25,51490200
001003,30.00,30.31,28.50,28.56,48023400
001004,28.81,28.87,26.31,28.19,64200600
001005,25.62,26.81,25.00,25.19,117091400
001006,25.50,26.31,24.94,25.31,48933300
001009,26.00,26.31,25.00,25.62,37370000
001010,25.69,26.00,24.12,24.25,40753000
001011,23.62,24.00,22.06,23.00,45024200
001012,24.00,24.12,22.75,23.19,46336400
001013,23.37,27.62,23.31,27.31,59575200
001016,26.94,26.94,24.81,25.36,29600300
001017,25.62,25.94,24.12,24.37,27053900
001018,24.00,27.37,23.25,26.25,46395500
001019,27.94,30.00,27.50,28.81,40158100
001020,28.81,29.37,28.12,28.44,33367300
001023,28.44,29.31,27.12,27.50,27907700
001024,27.69,27.81,26.44,26.81,26310800
001025,26.87,27.25,25.75,25.87,27786200
001026,26.12,27.81,26.12,27.75,28424800
001027,28.37,28.81,27.28,27.94,22433900
001030,27.75,29.81,27.69,28.81,27110600
001031,29.19,30.37,28.25,29.50,26506100
001101,28.87,31.62,28.69,30.44,25336700
001102,31.25,32.13,31.12,31.81,25700000
001103,32.00,32.56,30.81,32.56,24105600
001106,32.63,33.00,30.87,31.50,17069100
001107,31.56,33.06,30.87,32.56,23293600
001108,32.50,32.56,30.25,30.31,21971700
001109,28.69,28.75,26.94,28.37,45037700
001110,23.44,24.25,22.87,23.00,17000500
001113,22.75,25.47,22.37,24.12,55063700
001114,25.25,26.00,24.75,25.81,32134400
001115,26.00,26.25,24.44,25.19,37495200
001116,25.00,26.50,24.75,24.94,23730000
001117,24.87,25.19,24.87,24.94,32502800
001120,24.44,24.50,22.94,23.37,30744500
001121,23.56,24.00,22.87,23.62,21437300
001122,23.37,24.12,23.00,23.00,18123800
001124,23.62,25.00,23.56,24.37,10597300
001127,24.94,25.59,23.83,24.44,18724100
001128,24.19,24.44,22.37,22.44,33314200
001129,22.50,22.91,21.25,21.81,34044200
001130,20.06,20.31,18.62,19.25,60413100
001201,19.94,20.31,18.06,18.44,55375500
001204,19.25,19.31,18.19,18.81,26410900
001205,19.56,20.50,19.37,20.25,38375000
001206,19.37,19.44,17.50,18.00,54953400
001207,17.94,18.06,17.25,17.44,35038100
001208,18.44,19.75,18.19,18.56,64893000
001211,18.75,20.62,17.94,20.06,60968000
001212,19.94,22.37,19.94,21.70,50881100
001213,21.50,21.87,20.31,20.44,44640000
001214,19.81,20.31,19.75,19.94,34650000
001215,19.12,20.12,18.25,19.87,62412200
001218,19.94,20.37,18.87,19.50,32091100
001219,19.25,19.50,18.12,18.25,36845500
001220,17.25,17.50,16.31,16.62,53676400
001221,16.31,17.56,16.25,17.19,38966100
001222,17.25,18.62,17.19,18.37,33893100
001226,17.81,18.19,16.81,17.50,24758900
001227,17.19,18.37,17.00,18.00,35718900
001228,17.62,18.00,17.25,17.94,42497700
001229,17.56,17.62,16.81,17.44,42584200
010102,17.50,18.31,16.94,17.50,28733700
010103,17.12,20.12,17.00,20.00,51288300
010104,19.72,21.25,19.00,19.19,55123900
010105,19.31,19.94,18.50,19.00,28579500
010108,18.56,19.25,17.69,19.12,29730300
010109,19.06,20.31,19.06,19.75,32309800
010110,20.23,21.69,19.81,21.31,46801600
010111,21.06,23.94,21.00,22.81,60935000
010112,22.44,23.62,21.67,22.12,48564400
010116,22.12,22.19,21.06,21.50,25841900
010117,21.94,22.87,21.44,22.69,38894500
010118,22.98,24.37,22.50,24.19,40341700
010119,25.94,26.50,25.44,25.62,59034400
010122,24.25,25.75,23.62,25.50,73963900
010123,25.50,27.31,25.00,26.37,46869800
010124,27.06,27.50,26.25,27.12,45589800
010125,26.94,27.37,26.00,26.44,44253000
010126,25.87,26.87,25.50,26.50,28123000
010129,26.25,28.69,26.00,28.44,36168300
010130,28.25,28.81,27.87,28.12,40000200
010131,28.00,28.25,26.12,26.12,33460800
010201,26.37,26.44,25.06,25.94,31900600
010202,26.69,27.25,25.00,25.19,41021600
010205,24.56,24.97,23.94,24.44,22499100
010206,24.56,27.27,24.31,26.87,51120800
010207,26.44,27.50,25.31,26.50,33261200
010208,26.25,27.37,25.87,26.06,23450800
010209,25.27,25.44,23.06,23.50,34715200
010212,22.81,23.50,22.37,23.25,28653700
010213,23.06,23.87,21.87,22.25,22340500
010214,21.75,23.31,21.00,22.94,26303000
010215,23.50,25.25,23.50,25.00,43602000
010216,23.00,23.94,22.50,23.50,39003900
010220,23.31,23.44,21.81,22.00,27711700
010221,21.37,22.50,20.44,20.62,25266200
010222,20.62,22.81,19.94,21.94,31989500
010223,21.67,23.25,21.19,23.25,30890800
010226,22.87,23.00,21.50,22.81,23501200
010227,22.44,22.94,21.87,22.25,22374800
010228,22.12,23.44,21.12,21.87,32680300
010301,21.06,21.87,20.00,21.50,30935900
010302,20.94,24.12,20.94,22.06,35943100
010305,23.12,24.25,22.94,23.44,26793600
010306,24.87,26.87,24.75,26.19,63364800
010307,26.50,26.81,25.56,25.94,25540200
010308,25.75,26.31,25.44,26.12,21865300
010309,25.44,25.50,22.87,23.37,47662700
010312,22.37,23.19,21.69,22.06,32623700
010313,22.69,24.19,22.19,23.94,36890600
010314,22.81,25.31,22.75,24.37,43125900
010315,25.31,25.50,24.00,24.19,25650200
010316,23.06,24.62,22.87,23.69,42843400
010319,23.62,24.94,23.25,24.87,24581900
010320,25.00,26.00,24.25,24.44,37301900
010321,24.00,25.56,23.81,24.69,33942700
010322,25.06,26.50,24.81,26.25,60112800
010323,26.97,27.87,26.42,27.44,48735500
010326,27.87,28.00,25.19,25.69,42148300
010327,25.62,27.62,25.56,27.00,44725500
010328,26.56,27.69,26.37,26.44,43233900
010329,25.94,27.62,25.94,26.94,40515000
010330,27.12,27.12,25.44,25.69,36616400
010402,25.81,26.00,23.50,24.06,40069500
010403,23.62,24.44,22.62,23.44,38103400
010404,22.62,23.37,21.31,22.19,47737800
010405,24.44,25.55,24.00,25.19,58378300
010406,24.75,26.37,24.25,24.81,46241900
010409,25.31,25.63,24.24,24.89,32239000
010410,25.33,27.16,25.32,26.26,46127500
010411,27.33,27.57,26.11,26.74,35268600
010412,26.41,28.05,25.65,27.92,32846100
010416,27.39,28.00,26.73,27.11,20359500
010417,26.85,27.28,25.24,26.35,30752100
010418,27.90,30.65,27.88,28.47,59586500
010419,28.91,30.49,28.91,30.49,44516900
010420,30.63,31.32,28.95,30.12,45935100
010423,29.99,29.99,28.10,29.35,27730100
010424,28.97,28.98,25.75,25.85,57291800
010425,26.12,27.25,25.60,26.99,44002600
010426,27.54,27.54,25.30,25.32,39775600
010427,25.06,27.75,24.93,26.00,38695800
010430,26.77,27.07,25.45,26.24,36270400
010501,25.56,26.15,24.60,25.76,48026000
010502,26.34,26.96,26.34,26.73,35583600
010503,26.25,26.69,24.55,24.93,43151600
010504,24.49,26.00,24.17,25.84,31482500
010507,26.00,26.72,25.62,25.91,21073100
010508,26.65,26.70,24.57,24.83,50669400
010509,24.46,25.50,24.16,24.60,33725000
010510,25.09,25.34,24.34,24.40,29074200
010511,24.32,24.51,24.08,24.48,18653200
010514,24.28,24.50,23.49,24.19,21398000
010515,24.26,25.20,23.90,24.49,26443900
010516,24.00,25.93,23.63,25.38,35194000
010517,25.53,26.25,24.77,25.88,38701000
010518,24.97,25.78,24.50,24.79,38496400
010521,24.71,25.99,24.19,25.84,32221900
010522,25.76,26.30,25.70,25.94,29923200
010523,27.11,27.37,26.73,26.81,59092700
010524,26.82,27.25,26.25,26.67,30167200
010525,26.78,27.39,26.23,27.00,20339400
010529,26.70,26.76,25.00,25.65,30192700
010530,24.95,25.09,24.10,24.41,27493100
010531,24.50,25.20,24.31,24.36,24449600
010601,24.71,25.10,24.25,24.61,31911000
010604,24.83,25.43,24.65,25.00,19792900
010605,25.24,26.52,25.07,26.22,31101200
010606,26.26,26.49,25.05,25.26,36010700
010607,25.13,25.85,24.91,25.61,33136500
010608,26.26,26.28,25.22,25.69,23488300
010611,25.29,25.51,24.50,25.26,24328400
010612,25.75,26.47,24.87,26.10,33892100
010613,26.19,26.52,25.09,25.19,25551300
010614,24.94,25.75,24.72,25.04,26448800
010615,24.74,25.25,24.25,24.32,34137800
010618,24.55,24.70,23.48,23.92,20917600
010619,24.54,24.85,23.10,23.67,24685900
010620,22.98,23.50,22.65,23.45,29706700
010621,23.42,24.49,23.17,23.50,22711000
010622,23.73,24.25,23.30,23.41,21048800
010625,24.10,24.40,23.73,24.25,25707300
010626,24.24,26.25,23.82,25.00,27628300
010627,25.15,25.99,24.95,25.74,29049400
010628,25.99,27.57,25.97,26.42,42896000
010629,26.65,27.68,24.79,26.15,39257800
010702,26.38,27.08,26.00,26.87,24903400
010703,26.60,26.96,26.23,26.91,15889600
010705,26.61,27.17,26.13,26.21,20568900
010706,26.02,26.09,25.40,25.63,22640200
010709,25.77,27.70,25.72,26.70,23093700
010710,27.08,27.08,25.12,25.61,32621600
010711,25.56,26.35,25.35,25.98,26098000
010712,26.70,27.78,26.60,27.37,32945100
010713,27.10,28.42,27.09,27.95,28610200
010716,27.59,27.97,26.90,27.12,20353800
010717,27.12,29.00,26.10,28.74,37785600
010718,27.95,28.21,26.72,27.20,28123000
010719,28.06,28.63,27.85,28.38,35413500
010720,27.97,28.01,26.93,27.89,23650300
010723,27.94,28.23,26.25,26.56,23219300
010724,26.56,27.45,26.23,26.61,19020300
010725,26.65,28.09,26.62,28.01,26474100
010726,27.40,28.00,26.65,27.87,26805000
010727,27.87,28.00,27.01,27.46,16426400
010730,27.64,28.40,27.46,27.46,24316900
010731,27.76,28.25,26.90,26.93,32471100
010801,27.44,27.88,26.97,27.18,23541000
010802,27.83,28.50,27.80,28.43,28433400
010803,28.27,28.36,27.90,28.07,18530500
010806,27.51,27.95,27.43,27.84,15478100
010807,27.64,28.33,27.45,27.71,15598400
010808,27.61,27.89,26.27,26.64,29923600
010809,26.60,27.12,26.22,26.64,20534600
010810,26.61,27.18,25.90,26.91,14605100
010813,27.03,27.35,26.48,27.02,14169400
010814,27.09,27.26,26.56,26.57,18532100
010815,26.18,26.37,25.14,25.50,25236800
010816,25.08,25.49,24.41,25.38,28676300
010817,24.01,24.10,22.70,23.00,47871000
010820,22.93,23.60,22.37,22.72,27784100
010821,22.76,23.00,21.97,22.01,20587500
010822,22.42,22.63,21.90,22.15,24911800
010823,22.16,22.81,21.70,21.83,19452800
010824,22.12,23.20,21.52,23.12,22656400
010827,23.06,23.82,22.52,23.05,15680800
010828,23.06,23.12,21.86,22.65,23939700
010829,22.79,22.98,21.38,21.80,28668200
010830,21.00,21.35,20.02,21.13,33880600
010831,20.74,21.40,20.31,21.38,23744000
010904,21.86,23.26,21.80,22.31,44616300
010905,22.39,23.21,21.41,22.38,37897100
010906,22.02,22.80,21.40,21.50,29956300
010907,21.29,22.11,21.15,21.55,28461900
010910,21.25,22.74,21.22,22.57,29222400
010917,20.50,21.90,20.30,20.70,35406400
010918,20.87,21.38,19.63,19.79,28423300
010919,19.69,20.10,16.90,19.08,45132100
010920,18.16,18.50,17.15,17.48,41360100
010921,16.15,17.43,16.01,16.63,63337700
010924,17.12,19.05,17.10,18.60,36214700
010925,18.73,19.75,18.69,19.16,40050000
010926,19.37,19.52,17.87,18.16,28219800
010927,18.14,18.59,17.30,18.04,23640300
010928,18.34,19.07,18.20,18.53,31534500
011001,18.43,18.83,17.75,18.71,21965900
011002,18.45,18.95,18.26,18.54,28727000
011003,18.32,21.61,18.26,20.64,56952200
011004,22.18,23.24,21.63,22.32,61550300
011005,21.85,22.78,20.76,22.56,43542900
011008,21.93,23.29,21.70,23.12,32471900
011009,23.05,23.32,22.10,22.65,23496500
011010,22.44,23.40,22.11,23.22,21806600
011011,23.50,25.13,23.50,24.97,43354100
011012,24.39,25.32,23.43,24.13,37835800
011015,23.88,23.95,22.67,23.58,27212300
011016,23.70,24.59,23.28,24.27,26033500
011017,24.86,24.96,23.12,23.22,29192000
011018,23.29,23.72,22.56,23.22,23590400
011019,22.90,24.20,22.76,24.05,23412200
011022,23.75,24.64,23.57,24.55,16122400
011023,24.80,25.05,24.04,24.64,22264500
011024,24.58,25.22,24.44,24.90,22996900
011025,24.51,26.05,24.00,25.86,29502700
011026,25.73,26.08,25.27,25.50,22972300
011029,25.18,25.40,24.01,24.09,22792100
011030,23.56,23.75,22.44,23.24,30248800
011031,23.98,24.89,23.55,23.98,37709400
011101,23.84,24.75,23.40,24.55,28125600
011102,24.49,24.98,23.99,24.92,20343200
011105,25.26,25.75,24.60,25.30,26517400
011106,25.03,26.25,24.83,26.24,27042700
011107,26.04,27.01,25.96,26.25,26870100
011108,26.45,27.45,25.92,26.14,30740800
011109,26.06,26.51,25.50,25.75,20950000
011112,25.85,26.00,24.93,25.79,23905700
011113,26.43,26.97,26.23,26.82,30724400
011114,27.35,27.92,26.60,27.46,31570500
011115,27.12,27.83,27.06,27.69,34389500
011116,27.41,27.45,26.41,26.60,39937100
011119,26.73,27.37,26.44,26.92,22299800
011120,26.77,27.00,26.38,26.39,26324200
011121,26.25,26.60,25.47,25.95,21253200
011123,25.76,26.61,25.75,26.36,6951300
011126,26.73,27.10,26.25,26.92,21709100
011127,26.63,27.16,25.83,26.48,32382800
011128,26.23,26.88,25.92,25.99,22366700
011129,26.25,27.27,26.07,27.06,24477600
011130,26.88,27.97,26.54,27.93,27958200
011203,27.61,27.96,27.39,27.66,19359000
011204,27.86,28.12,27.54,28.08,24753800
011205,28.21,30.08,28.00,29.67,49755100
011206,29.62,29.85,29.21,29.41,29185700
011207,29.35,29.62,28.64,28.94,19120100
011210,28.84,29.13,28.25,28.91,22466100
011211,28.91,29.64,28.78,29.06,21698500
011212,29.00,29.46,28.54,29.18,18509400
011213,28.67,29.30,28.34,28.48,22801600
011214,28.71,28.82,27.50,28.12,24474200
011217,28.04,28.80,28.03,28.48,18344300
011218,28.65,29.27,28.62,28.80,20197600
011219,28.56,29.00,28.05,28.65,17891300
011220,28.45,28.63,27.55,27.58,20336900
011221,27.87,28.10,27.48,27.58,27714100
011224,27.65,28.17,27.65,27.77,4554400
011226,27.88,28.54,27.88,27.95,8563900
011227,28.16,28.28,27.55,27.89,11221900
011228,28.05,28.50,27.65,27.73,11713600
011231,27.58,28.03,27.10,27.18,12450300
020102,27.60,27.89,27.10,27.50,20121800
020103,27.70,29.20,27.61,29.03,28365300
020104,29.33,30.03,29.00,29.59,30441800
020107,30.31,30.50,29.50,29.62,28515700
020108,29.59,30.21,29.35,29.64,28868400
020109,30.00,30.52,29.21,29.39,26246500
020110,29.18,29.70,28.89,29.33,18852900
020111,29.90,30.04,28.62,29.00,22690500
020114,28.74,28.85,27.57,28.18,24453100
020115,28.32,28.79,27.95,28.58,18874400
020116,27.94,27.98,27.33,27.57,20266200
020117,28.13,28.98,28.10,28.95,24773900
020118,27.88,29.10,27.71,28.10,41041000
020122,28.45,28.46,26.27,26.70,32070100
020123,26.85,27.20,26.50,26.68,28581700
020124,27.10,27.77,26.74,27.30,28732600
020125,27.22,28.59,27.21,28.44,24057100
020128,28.67,29.08,27.86,28.42,25543400
020129,28.32,28.49,26.96,27.19,28197100
020130,27.22,27.64,26.66,27.57,25667700
020131,27.55,27.68,26.90,27.49,27312800
020201,27.32,27.63,26.60,26.80,17635600
020204,27.05,27.15,26.46,26.84,22275000
020205,26.68,27.20,26.46,26.56,22023200
020206,26.78,27.02,26.48,26.68,20475600
020207,26.76,27.42,26.05,26.20,22270000
020208,26.26,26.30,25.38,26.25,37288200
020211,26.13,26.93,26.05,26.80,29487100
020212,26.40,27.08,26.27,26.85,21155300
020213,26.95,27.50,26.86,27.34,26087700
020214,27.38,27.59,26.25,26.81,33822200
020215,26.90,27.06,25.51,25.60,37082500
020219,25.45,25.83,24.22,24.40,33107300
020220,24.51,25.44,24.08,25.24,23344500
020221,24.97,24.97,23.71,23.77,27278100
020222,24.00,24.10,23.53,23.76,22942000
020225,24.00,25.45,23.93,25.15,31281600
020226,25.30,25.82,24.81,25.32,30014500
020227,25.73,26.11,24.85,25.27,28143100
020228,25.33,25.66,24.64,24.69,22653500
020301,24.99,26.45,24.84,26.44,25327300
020304,26.50,28.06,26.07,27.68,34351000
020305,27.56,28.40,27.43,27.73,27067100
020306,27.56,28.07,27.05,27.94,20680000
020307,28.08,28.09,27.19,27.59,15544900
020308,28.07,28.92,27.95,28.91,21165000
020311,28.60,28.78,28.05,28.71,17447400
020312,28.00,28.08,27.21,28.00,21938600
020313,27.33,27.41,26.71,26.84,22249100
020314,26.51,26.61,25.79,25.92,25218500
020315,26.24,26.35,25.63,25.72,22235500
020318,25.99,26.50,25.92,26.39,24872200
020319,26.51,27.40,26.21,27.03,27404300
020320,26.70,27.35,26.47,26.92,23848200
020321,26.54,27.20,26.40,26.99,23284700
020322,26.75,26.97,26.50,26.56,14177800
020325,26.64,26.87,25.90,26.31,17736600
020326,26.17,26.81,25.78,26.19,16224400
020327,25.90,26.11,25.22,25.95,21684400
020328,25.95,26.33,25.80,26.11,13865000
020401,26.00,27.19,25.98,27.14,17710100
020402,26.83,26.98,26.23,26.57,15451900
020403,26.67,26.80,25.84,26.19,22085000
020404,26.64,26.98,26.34,26.75,21564900
020405,26.86,26.92,26.28,26.42,13134400
020408,25.65,26.91,25.65,26.88,20643500
020409,26.99,27.38,26.42,26.57,24811300
020410,26.64,27.15,26.45,26.84,22826400
020411,26.67,26.95,26.04,26.27,18922600
020412,26.37,26.45,25.97,26.12,14260300
020415,26.25,26.32,25.80,25.87,17748900
020416,26.21,27.35,26.20,27.21,23430500
020417,27.47,27.52,27.16,27.37,17339800
020418,27.12,27.39,26.85,27.20,15395900
020419,27.52,27.70,27.12,27.34,17681400
