Y	X	Z
100	0.04	0.28
200	0.21	1.15
299.99	0.53	2.35
399.99	0.98	3.56
499.98	1.71	4.64
599.97	2.75	5.66
699.96	3.68	6.91
799.95	4.15	8.36
899.94	4.32	9.68
999.94	4.92	10.7
1099.93	6.32	11.15
1199.9	8.65	11.28
1299.84	12.1	11.51
1399.75	16.26	11.86
1499.66	20.5	12.55
1599.59	24.2	13.55
1699.53	27.38	14.78
1799.47	30.43	16.62
1899.37	34.05	19.31
1999.2	38.82	22.71
2098.97	44.29	26.75
2198.69	50.05	31.47
2298.39	55.79	36.75
2398.07	61.61	42.24
2467.81	66.1	46.24
2483.74	67.2	47.17
2546.54	71.13	50.43
2640.38	74.5	54.57
2734.29	73.95	58.48
2829.21	71.02	61.14
2923.18	69.1	61.75
3017.18	68.61	61.54
3111.18	68.28	61.37
3205.18	67.84	61.56
3299.18	67.75	61.47
3393.17	68.36	60.13
3487.16	68.17	58.64
3582.14	66.63	59.5
3676.1	64.43	61
3770.07	62.16	61.21
3864.05	60.11	61.06
3958.03	58.15	60.92
4052.02	56.77	60.78
4146.02	55.89	60.26
4240.01	55.29	59.48
4334.01	55	58.65
4428.01	55.04	57.68
4523	55.46	56.61
4616.99	55.61	55.38
4710.98	55.47	53.83
4804.96	55.61	51.96
4898.94	55.94	50.02
4992.93	56.34	48.26
5086.92	56.79	46.86
5180.91	57.46	45.87
5274.9	57.54	44.66
5368.89	56.57	43.16
5462.86	55.02	41.84
5556.83	53.09	40.2
5650.79	51.09	38.38
5745.76	49.23	36.39
5839.72	47.9	34.34
5933.71	46.89	32.65
6027.69	46.01	31.17
6121.68	45.27	29.8
6215.67	44.94	28.67
6309.66	45.33	27.45
6403.65	45.69	26.05
6497.64	45.85	24.59
6591.62	46.3	22.67
6685.61	45.94	21.67
6779.61	44.74	21.9
6873.6	43.52	22
6968.59	41.94	22.04
7062.57	40.24	21.98
7156.56	38.46	22.02
7250.54	36.4	22.57
7344.53	35.49	23.22
7438.52	35.76	24.07
7532.52	35.33	24.4
7626.52	34.15	24.12
7720.51	32.81	23.79
7814.5	31.57	23.38
7908.49	30.28	23.11
8002.48	28.98	22.98
8097.48	27.98	22.71
8191.48	27.24	22.42
8285.47	26.26	22.36
8379.46	25.1	22.04
8473.46	24.03	21.72
8567.45	22.74	21.49
8661.44	21.66	20.98
8755.44	20.79	20.61
8849.44	19.82	20.26
8943.43	18.91	19.57
9038.43	18.35	18.88
9132.42	17.84	18.27
9226.42	17.36	17.83
9320.42	16.89	17.38
9414.42	16.4	16.75
9508.42	16.19	16.31
9602.42	15.86	15.95
9696.42	15.46	15.34
9737.42	15.37	15.03
9768.42	15.25	14.91
9799.39	14.47	15.6
9831.25	12.36	17.67
9861.9	9.01	20.87
9892.22	4.35	25.33
9923.04	-1.95	31.15
9952.44	-9.37	37.6
9981.43	-17.76	44.69
10010.8	-27.28	53.06
10038.57	-37.4	62.42
10066.58	-48.76	72.91
10093.15	-60.54	83.68
10119.02	-73.14	95.22
10144.9	-87.08	107.85
10169.52	-101.26	120.27
10193.78	-115.96	132.77
10218	-131.66	146.58
10240.45	-147.3	161.15
10261.88	-163.39	176.72
10282.92	-180.64	193.56
10302.28	-198.09	210.34
10321.45	-216.78	227.86
10339.31	-235.48	244.96
10356.42	-254.72	262.22
10373.31	-275.11	280.2
10388.81	-295.46	297.7
10403.12	-316.6	315.28
10416.47	-339.25	333.52
10428.46	-361.67	351.26
10439.59	-384.51	369.01
10449.93	-408.7	387.23
10458.99	-432.61	404.76
10467.25	-457.68	422.84
10473.74	-482.22	440.64
10478.3	-506.83	458.92
10480.89	-532.16	478.28
10481.5	-543.18	486.9
10483.7	-600.46	533.69
10484.45	-624.78	554.47
10485.96	-673.83	595.55
10486.85	-723.74	635.61
10487.11	-748.96	655.31
10487.33	-800.53	693.19
10487.16	-826.89	711.34
10486.99	-880.25	746.66
10487.22	-907.12	764.05
10488.22	-961.41	797.91
10488.92	-988.99	814.12
10490.32	-1044.95	845.14
10490.88	-1073.36	859.86
10491.4	-1100.26	873.13
10492.28	-1157.44	899.55
10492.56	-1186.76	912.39
10492.67	-1245.56	937.65
10492.42	-1274.96	950.28
10491.97	-1334	974.98
10491.78	-1363.75	986.76
10491.27	-1423.4	1009.96
10491.22	-1451.3	1020.97
10491.33	-1510.1	1043.6
10491.16	-1540.11	1054.71
10490.61	-1600.15	1076.86
10490.33	-1630.12	1088.09
10489.49	-1690.02	1110.6
10488.54	-1749.96	1133.02
10488.2	-1779.86	1144.4
10488.09	-1809.7	1155.98
10488.15	-1868.69	1178.09
10487.98	-1959.18	1210.14
10487.7	-2019.64	1231.13
10487.62	-2049.89	1241.58
10487.78	-2110.42	1262.36
10487.98	-2140.71	1272.67
10487.64	-2201.49	1292.71
10487.23	-2231.97	1302.47
10485.98	-2322.59	1330.95
10484.16	-2413.52	1358.41
10483.53	-2445.18	1367.7
10483.16	-2475.9	1376.65
10483.05	-2505.65	1385.35
10483.28	-2567.05	1403.42
10483.53	-2597.75	1412.43
10483.84	-2628.46	1421.41
10484	-2689.84	1439.53
10484.17	-2781.77	1467.2
10484.56	-2812.38	1476.53
10485.23	-2873.6	1495.19
10485.46	-2904.21	1504.49
10485.34	-2965.42	1523.2
10484.59	-3057.07	1551.75
10484.67	-3087.56	1561.45
10484.9	-3118.05	1571.18
10485.04	-3148.46	1581.15
10484.9	-3178.8	1591.3
10484.42	-3209.21	1601.27
10483.95	-3239.67	1611.05
10483.47	-3270.11	1620.91
10482.52	-3330.92	1640.84
10481.85	-3391.63	1661.1
10481.63	-3421.95	1671.33
10481.6	-3452.27	1681.56
10481.71	-3511.76	1702.28
10481.71	-3540.94	1712.76
10481.82	-3601.06	1734.7
10481.9	-3630.22	1745.23
10481.46	-3690.51	1766.69
10480.68	-3750.67	1788.53
10480.34	-3801.99	1808.28
10479.18	-3870.76	1835.58
10478.2	-3900.53	1847.28
10476.31	-3958.21	1869.94
10473.85	-4048.34	1905.72
10471.93	-4137.24	1941.9
10470.08	-4225.85	1978.79
10468.57	-4314.24	2016.22
10468.27	-4343.58	2029
10467.6	-4402.38	2054.27
10466.76	-4461.37	2079.07
10466.37	-4490.8	2091.62
10465.75	-4549.8	2116.42
10465.53	-4579.37	2128.64
10464.54	-4667.3	2164.61
10463.35	-4757.07	2201.34
10463.27	-4844.42	2238.68
10463.48	-4869.11	2249.6

Y	X	Z
146	0.23	0.46
209	0.36	0.87
303	0.47	1.68
365	0.75	2.12
426	1.23	2.36
517	1.82	2.75
608	2.11	2.73
699	2.3	2.21
789.99	2.5	1.38
881.98	2.94	0.03
973.97	3.41	-1.32
1066.97	3.69	-2.41
1157.96	3.88	-3.49
1250.96	3.81	-4.46
1341.95	3.7	-5.4
1432.94	3.85	-6.73
1524.93	4	-8.16
1615.92	4.01	-9.66
1705.91	4.16	-11.38
1799.89	4.15	-13.09
1893.87	4.11	-15.13
1987.86	3.58	-16.09
2081.85	2.18	-16
2175.83	0.5	-16.63
2269.82	-0.77	-17.6
2363.81	-1.55	-18.65
2380.81	-1.67	-18.87
2457.8	-2.7	-19.93
2551.74	-5.59	-21.27
2645.66	-9.44	-22.68
2739.59	-12.85	-23.32
2833.56	-15.07	-22.94
2928.55	-16.53	-22.02
3022.53	-18.22	-20.88
3116.51	-19.76	-20.11
3210.51	-20.86	-19.83
3304.5	-21.91	-19.89
3398.5	-22.56	-20.37
3492.5	-22.71	-21.32
3586.49	-22.82	-22.11
3680.49	-23.14	-22.46
3774.49	-23.58	-22.68
3868.49	-23.94	-23.06
3962.49	-24.26	-23.53
4056.49	-24.62	-24.06
4150.49	-24.89	-24.66
4245.49	-24.89	-25.29
4339.49	-24.77	-26.1
4433.48	-24.55	-27.05
4527.48	-24.06	-28.08
4621.47	-23.45	-29.24
4715.46	-22.93	-30.62
4809.45	-22.56	-32.13
4903.42	-22.26	-34.24
4997.4	-21.79	-36.21
5091.39	-21.24	-37.4
5185.39	-21.03	-38.58
5279.38	-21.56	-39.51
5373.37	-22.97	-39.72
5467.35	-25.02	-39.65
5561.33	-26.82	-39.3
5655.32	-27.99	-38.54
5749.31	-29.28	-37.68
5844.3	-30.91	-36.89
5938.28	-32.73	-36.55
6032.26	-34.68	-36.78
6126.24	-36.6	-37.62
6220.22	-37.52	-38.98
6314.21	-37.01	-40.49
6408.19	-35.62	-41.61
6502.16	-33.32	-42.16
6596.13	-30.84	-42.05
6690.1	-28.48	-41.34
6784.08	-26.61	-40.73
6879.08	-25.66	-40.44
6973.07	-25.1	-40.44
7067.07	-24.47	-40.62
7161.07	-24.02	-40.49
7255.07	-24.11	-39.69
7349.06	-24.3	-38.48
7443.06	-24.49	-37.27
7537.05	-24.8	-36.26
7631.05	-25.23	-35.6
7725.05	-25.76	-35.2
7819.05	-26.24	-34.89
7913.05	-26.94	-34.88
8008.04	-28.07	-35.11
8102.03	-29.37	-35.31
8195.02	-30.65	-35.53
8290.01	-32.01	-36.09
8384	-33.42	-37.08
8477.98	-34.66	-38.26
8571.97	-35.66	-39.46
8665.96	-36.48	-40.48
8759.96	-37.21	-41.36
8853.95	-37.91	-42.05
8947.95	-38.49	-42.63
9041.95	-38.89	-43.24
9135.95	-39.16	-43.93
9229.95	-39.28	-44.64
9323.95	-39.18	-45.2
9417.95	-39	-45.66
9512.95	-38.72	-46.06
9606.95	-38.52	-46.31
9700.95	-38.49	-46.39
9794.95	-38.56	-46.62
9803.95	-38.58	-46.66
9834.95	-38.57	-46.84
9865.91	-37.62	-47.81
9897.67	-34.58	-50.15
9928.05	-29.52	-53.61
9957.93	-22.73	-58.31
9988.21	-14.23	-64.18
10016.99	-4.53	-70.39
10046	7.03	-77.35
10073.36	19.51	-84.88
10100.23	32.84	-92.69
10127.62	47.32	-100.72
10153.6	61.94	-109.19
10178.89	76.88	-119.1
10204.39	92.58	-130.36
10228.48	108.29	-141.93
10252.54	125.21	-154.54
10275.21	142.31	-166.96
10297.21	160.14	-179.58
10318.87	179.49	-193
10339.08	198.83	-206.37
10358.59	218.57	-220.17
10377.33	239.93	-234.87
10394.35	261.41	-249.36
10410.88	284.19	-264.58
10425.62	307.04	-279.47
10439.04	330.64	-294.42
10451.23	355.74	-310.07
10461.3	380.78	-325.32
10469.87	406.41	-340.51
10477.55	433.19	-356.25
10483.73	459.41	-371.57
10488.38	486.91	-387.26
10491.08	513.98	-402.11
10492.86	558.94	-426.11
10493.75	615.31	-456.4
10495.35	700.41	-500.8
10496.52	786.87	-542.5
10497.36	874.19	-582.38
10498.95	961.53	-622.19
10500.36	1048.47	-660.44
10502.2	1136.69	-698.25
10503.23	1165.11	-710.58
10504.82	1223.26	-734.78
10505.44	1252.97	-746.64
10506.37	1311.54	-769.83
10506.37	1402.01	-804.83
10506.37	1490.85	-838.49
10506.86	1579.17	-870.63
10507.37	1670.24	-901.02
10508.09	1731.03	-921
10508.51	1761.41	-931.05
10508.51	1822.34	-950.61
10508.37	1852.77	-960.53
10508.68	1883.09	-970.76
10509.23	1942.74	-991.01
10509.4	1973.04	-1001.32
10509.4	2033.62	-1021.95
10509.12	2063.95	-1032.16
10509.06	2124.46	-1052.99
10509.4	2215.73	-1085.85
10509.01	2275.79	-1107.95
10508.79	2305.78	-1119.1
10508.62	2364.7	-1141.42
10508.29	2394.69	-1152.58
10507.36	2485.01	-1185.09
10506.19	2575.35	-1217.53
10504.37	2664.78	-1249.55
10504.2	2754.66	-1283.25
10504.14	2814.61	-1305.66
10503.75	2844.8	-1316.26
10502.8	2905.21	-1337.36
10502.33	2935.34	-1348.14
10502.92	3025.8	-1380.27
10503.67	3056.04	-1390.68
10504.51	3086.3	-1401.07
10505.46	3116.52	-1411.56
10506.1	3146.83	-1421.79
10506.18	3177.31	-1431.55
10505.96	3207.8	-1441.25
10505.54	3238.26	-1451.03
10505.26	3299.2	-1470.6
10505.48	3360.1	-1490.27
10505.37	3390.56	-1500.08
10505.88	3482.12	-1528.94
10506.29	3512.67	-1538.43
10506.69	3543.25	-1547.87
10506.99	3573.84	-1557.25
10507.5	3666.68	-1585.37
10507.47	3697.39	-1594.35
10507.3	3758.64	-1612.9
10507.33	3789.06	-1622.84
10508.06	3849.76	-1643.09
10508.79	3879.13	-1653
10510.22	3938.7	-1673.46
10510.85	3969.91	-1684.15
10511.75	4030.51	-1704.72
10511.91	4121.42	-1735.57
10511.75	4211.99	-1767.38
10512	4242.02	-1778.43
10512.44	4302.01	-1800.74
10512.78	4391.69	-1834.99
10512.91	4414.93	-1844.19

Y	X	Z
146	-0.05	-0.1
328	-0.4	-0.03
424	-0.64	0.47
521	-0.85	1.11
613	-1.11	1.8
705.99	-1.42	2.64
797.99	-1.62	3.31
890.99	-2.15	4.04
983.98	-3	5.07
1075.97	-3.96	6.42
1168.95	-5.18	7.81
1260.93	-6.31	9.17
1353.92	-7.15	10.73
1447.9	-7.78	12.34
1541.89	-8.38	14.04
1635.86	-8.84	16.26
1729.83	-9.42	18.69
1823.79	-9.78	21.24
1917.75	-9.87	23.93
2011.72	-10.44	26.56
2105.69	-11.21	28.92
2199.66	-12.28	30.6
2226.66	-12.72	31.03
2326.63	-14.02	32.87
2388.63	-14.35	33.72
2482.62	-13.3	33.44
2576.59	-11.22	32.29
2670.56	-9.06	31.11
2765.52	-6.72	29.69
2859.48	-4.33	28.26
2953.43	-1.78	26.62
3047.38	0.65	24.56
3141.35	2.6	23.22
3235.34	4.12	22.86
3329.33	5.47	22.54
3423.32	6.68	22.3
3517.31	7.82	22.12
3611.31	8.79	22.03
3705.31	9.61	21.92
3799.29	11.11	22.69
3893.25	13.19	24.29
3988.23	15	25.6
4082.22	16.51	26.4
4176.21	17.78	26.68
4270.2	18.66	26.59
4364.19	19.98	26.78
4458.18	21.9	27.12
4552.16	23.42	26.92
4646.16	24.38	26.13
4739.15	25.27	25.72
4834.15	26.33	25.88
4927.14	27.69	26.3
5021.12	29.32	27.08
5115.11	30.71	27.78
5209.1	31.92	28.73
5303.09	33.03	29.66
5398.08	34.04	30.25
5492.08	34.78	30.55
5586.07	35.96	30.9
5680.05	37.7	31.3
5774.04	39.42	31.02
5868.02	41.25	29.94
5961.98	43.06	28.2
6055.96	44.81	26.91
6149.94	46.65	26.24
6243.92	48.31	25.35
6337.9	50.05	25.32
6431.88	52.15	26.26
6526.85	54.46	27.17
6620.81	56.84	27.78
6714.78	59.53	28.01
6808.73	62.64	28.09
6902.67	65.52	29.32
6996.62	67.86	31.51
7090.56	70.32	33.67
7184.52	72.27	35.55
7278.51	73.47	36.89
7372.49	74.77	38.25
7466.48	75.85	39.59
7560.47	76.28	40.54
7654.46	77.05	41.37
7748.44	78.75	42.36
7842.42	80.46	43.33
7937.41	81.9	44.16
8031.4	82.97	44.9
8125.4	83.9	45.82
8219.39	84.8	46.88
8313.38	85.46	48.01
8407.37	86	49.29
8501.36	86.54	50.49
8595.36	86.85	51.49
8689.35	87	52.46
8783.34	87.93	53.47
8877.32	89.76	54.7
8971.29	91.71	56.21
9065.26	93.45	57.7
9159.24	94.96	58.96
9253.22	96.36	60.22
9347.21	97.6	61.53
9441.19	98.75	62.71
9535.18	99.83	63.7
9629.17	100.83	64.56
9724.17	101.77	65.37
9818.16	102.65	65.97
9845.16	102.9	66.09
9912.1	105.53	66.59
9942.91	108.87	67.08
9974.32	114.85	67.99
10004.2	122.97	69.31
10034.37	133.48	71.09
10062.79	145.65	73.2
10090.3	159.73	75.65
10117.72	176.03	78.02
10143.14	193.65	80
10167.16	213.14	82
10190.37	235.05	84.22
10211.15	257.94	86.49
10230.66	281.94	88.52
10249.82	307.51	90.19
10266.84	333.37	91.68
10281.77	360.47	93.39
10294.96	389.54	95.55
10305.71	418.51	97.94
10314.36	448.15	100.61
10321.07	479.34	103.01
10325.57	509.97	104.58
10328.22	540.82	105.98
10329	572.76	107.66
10328.62	603.7	109.55
10328.16	634.64	111.47
10327.77	666.57	113.42
10327.44	760.41	118.92
10327.6	791.37	120.65
10327.71	854.28	124
10327.39	948.18	128.18
10327.71	1042.13	131.22
10329.27	1136.1	132.94
10330.11	1205.08	134.38
10329.36	1291.04	137.08
10328.8	1322.02	138.03
10327.14	1416.96	140.77
10325.4	1511.9	143.67
10323.57	1606.84	146.65
10322	1701.78	149.63
10320.34	1796.72	152.78
10318.52	1891.66	155.52
10317.6	1986.63	157.76
10317.6	2081.59	160.41
10317.71	2112.58	161.44
10319.22	2176.52	163.56
10323.45	2271.38	166.62
10327.51	2366.26	169.02
10328.81	2397.23	169.62
10331.87	2487.14	171.97
10333.2	2582.07	175.45
10333.86	2676.99	179.43
10335.68	2771.88	183.49
10337.67	2866.8	186.89
10338.33	2960.75	189.84
10338	3055.71	192.74
10337.33	3150.68	194.98
10337.25	3245.67	196.14
10337.42	3340.67	195.64
10337	3435.66	194.07
10336.92	3530.62	191.5
10337.83	3625.54	187.77
10340.15	3720.4	183.05
10342.64	3815.28	179.24
10343.72	3910.27	178.49
10344.38	4005.26	179.49
10344.46	4100.26	180.4
10343.48	4194.25	180.23
10341.9	4289.23	178.91
10340.16	4384.2	176.92
10339.91	4479.16	174.43
10342.15	4574.08	171.12
10345.22	4668.99	168.71
10345.8	4763.98	168.72
10344.06	4858.96	169.54
10343.73	4952.96	169.46
10345.39	5047.93	168.05
10348.12	5142.88	166.23
10350.69	5237.84	165.32
10352.02	5332.83	165.65
10352.35	5427.83	166.15
10352.77	5522.82	165.48
10353.35	5617.81	164.07
10353.1	5712.8	162.42
10351.85	5807.77	160.26
10350.2	5902.71	157.44
10349.69	5927.69	156.55

Y	X	Z
141	-0.23	-0.31
236	-0.54	-0.7
332	-0.87	-1.1
428	-1.1	-1.33
521	-1.43	-1.86
609.99	-1.98	-2.88
705.98	-2.51	-3.8
797.98	-2.88	-4.4
890.98	-3.28	-4.79
982.98	-3.81	-4.83
1075.98	-4.43	-4.63
1168.98	-4.89	-4.43
1260.98	-4.81	-4.58
1352.98	-4.45	-5.09
1447.98	-4.2	-5.77
1541.98	-4.13	-6.47
1635.98	-4.51	-7.02
1729.97	-5.34	-7.52
1823.97	-5.77	-8.03
1917.97	-5.48	-8.13
2011.97	-5.18	-7.42
2105.96	-5.09	-6.02
2199.95	-5	-4.63
2294.92	-5.89	-2.64
2388.88	-7.54	-0.39
2482.88	-7.75	0.24
2576.87	-6.84	-0.31
2670.86	-5.92	-1.12
2764.86	-4.95	-2
2858.84	-3.78	-3.04
2952.83	-2.53	-4.33
3046.81	-1.3	-5.76
3140.79	0	-7.35
3234.77	1.33	-9.01
3328.74	2.75	-10.6
3422.72	4.17	-11.96
3516.71	5.57	-13.1
3610.69	6.36	-14.55
3705.68	6.49	-16.37
3798.66	6.73	-18.13
3892.65	7.1	-19.73
3987.64	7.47	-21.17
4081.63	7.81	-22.61
4175.62	8.04	-24.07
4269.61	8.06	-25.54
4363.59	7.98	-27.1
4456.58	7.91	-28.72
4550.57	7.83	-30.27
4644.56	7.93	-31.66
4738.55	8.19	-32.94
4832.54	8.7	-34.41
4926.52	9.45	-36.05
5020.51	10.07	-37.65
5114.49	10.63	-39.28
5208.48	11.18	-40.83
5302.47	11.48	-42.26
5396.46	11.44	-43.64
5490.45	11.83	-45.12
5584.43	12.97	-46.82
5678.41	14.18	-48.48
5772.38	15.39	-50.43
5866.34	16.74	-52.87
5961.3	18.49	-54.87
6055.27	20.59	-56.31
6149.23	22.64	-58.05
6243.2	24.44	-59.96
6337.16	26.16	-61.83
6431.13	28.04	-63.79
6525.08	30.08	-65.8
6619.05	32.03	-67.05
6713.03	33.87	-67.74
6807.01	35.87	-68.85
6900.98	37.83	-70.34
6994.95	39.72	-71.77
7088.92	41.73	-73.04
7182.89	43.83	-74.33
7277.86	45.86	-75.61
7371.83	47.69	-76.86
7465.81	49.37	-78.16
7559.8	50.35	-79.58
7653.78	50.63	-81.2
7747.77	50.77	-82.99
7841.75	50.91	-84.87
7935.73	51.11	-86.75
8029.71	51.27	-88.55
8123.7	51.29	-90.1
8217.7	51.13	-91.32
8311.69	50.91	-92.53
8405.68	50.8	-93.83
8499.67	50.82	-95.14
8593.67	50.99	-96.36
8687.66	51.14	-97.42
8781.66	51.3	-98.47
8875.65	51.48	-99.6
8969.65	51.64	-100.65
9063.64	51.83	-101.62
9157.64	51.94	-102.6
9251.63	51.95	-103.5
9345.63	51.87	-104.23
9439.63	51.95	-104.86
9533.63	52.25	-105.33
9627.63	52.61	-105.67
9721.63	53.12	-105.86
9755.63	53.35	-105.87
9816.61	54.8	-106.19
9847.51	57.1	-106.9
9878.15	61.49	-108.46
9909.37	68.05	-110.91
9939.13	76.19	-113.84
9968.31	86.05	-117.29
9997.82	97.69	-121.5
10025.78	110.23	-126.2
10053.79	124.62	-131.85
10079.85	140.17	-138.13
10105.32	158.29	-144.94
10128.15	178.19	-151.49
10148.83	200.4	-157.78
10168.19	225.15	-163.78
10185.12	250.55	-169.14
10200.39	278.15	-174.48
10212.97	305.99	-179.72
10223.03	334.73	-185.44
10230.2	365.18	-192.08
10233.68	395.13	-199.22
10235.38	456.11	-214.93
10234.68	515.95	-231.13
10233.87	546.82	-239.52
10231.98	606.67	-255.61
10230.8	637.5	-264.11
10229.69	667.32	-272.49
10229.05	697.17	-280.85
10228.74	727.97	-289.51
10228.12	757.79	-297.95
10227.36	787.64	-306.31
10227.25	818.46	-314.91
10227.84	848.35	-323.09
10228.6	878.26	-331.22
10229.13	909.12	-339.66
10230.43	968.88	-356.12
10231.35	999.61	-364.99
10232.19	1029.31	-373.84
10232.84	1058.98	-382.8
10233.37	1089.58	-392.16
10234.18	1148.82	-410.44
10234.24	1179.34	-420.06
10233.73	1234.71	-437.31
10232.65	1325.91	-463.89
10231.49	1417.89	-487.59
10230.92	1509.86	-506.97
10230.92	1603.73	-521.5
10232.08	1698.09	-532.42
10235.14	1792.48	-542.76
10238.54	1887.03	-551.28
10240.86	1981.72	-558.57
10241.44	2076.31	-567.34
10241.36	2170.96	-575.46
10241.36	2265.75	-581.75
10240.45	2360.66	-585.65
10238.87	2455.64	-586.06
10238.54	2550.64	-585.23
10238.79	2645.62	-583.41
10239.21	2740.55	-579.85
10239.94	2834.5	-576.81
10239.86	2929.47	-574.66
10240.52	3024.4	-571.26
10243.09	3119.29	-567.36
10246.16	3214.19	-564.22
10248.32	3309.14	-562.31
10250.31	3404.12	-561.56
10252.05	3499.07	-559.33
10253.61	3593.03	-556.87
10254.52	3688.02	-555.87
10254.6	3783	-554.38
10255.43	3877.99	-553.47
10256.42	3972.99	-553.88
10256.92	4067.99	-553.88
10256.67	4162.99	-553.13
10256.01	4257.98	-552.64
10255.93	4352.98	-552.97
10256.51	4447.98	-553.3
10257	4542.98	-553.47
10257.58	4637.98	-553.8
10257.91	4731.97	-555.11
10257.66	4826.95	-557.02
10257.66	4921.93	-559.17
10257.91	5016.87	-562.57
10258.49	5111.78	-566.63
10258.83	5206.71	-570.11

Y	X	Z
99.99	-0.55	-0.27
199.99	-1.18	-0.93
299.99	-1.22	-1.73
399.99	-1.01	-2.55
499.99	-0.66	-3.17
599.99	-0.28	-3.42
699.99	0.05	-3.38
799.99	0.26	-3.27
899.99	0.44	-3.03
999.99	0.66	-2.66
1099.99	1.04	-2.25
1199.98	1.93	-1.46
1299.96	3.41	-0.09
1399.93	5.14	1.66
1499.9	7.04	3.44
1699.83	10.96	7.1
1799.8	11.97	9.3
1899.77	11.32	11.61
1999.74	9.13	13.15
2099.68	5.91	12.97
2199.57	1.83	10.61
2299.37	-2.66	6.2
2461.99	-8.41	-3.42
2493.91	-9.21	-5.5
2524.84	-9.89	-7.52
2555.76	-10.56	-9.52
2649.63	-13.32	-13.52
2743.61	-15	-14.25
2838.6	-15.04	-13.43
2932.6	-15.22	-12.22
3026.58	-15.38	-10.34
3120.57	-15.72	-9.39
3214.57	-16.51	-9.98
3308.56	-17.45	-10.63
3402.56	-18.36	-11.34
3496.55	-19.46	-12.04
3590.54	-20.64	-12.62
3684.53	-21.72	-13
3779.53	-22.83	-13.32
3873.52	-23.96	-13.52
3967.52	-25.02	-13.65
4061.51	-25.98	-13.86
4155.51	-26.78	-14.04
4249.51	-27.67	-14.02
4343.48	-29.46	-13.11
4437.47	-30.51	-11.64
4532.46	-30.35	-10.59
4625.46	-30.41	-10.24
4720.46	-30.88	-10.57
4814.46	-31.5	-10.7
4908.46	-31.94	-10.22
5002.45	-32.75	-9.42
5096.44	-33.84	-8.32
5190.43	-33.69	-7.23
5284.42	-32.35	-6.43
5379.41	-31.44	-5.76
5473.41	-31.31	-4.95
5567.4	-31.71	-3.79
5661.4	-32.39	-2.7
5755.38	-34.05	-1.93
5849.36	-35.61	-1.72
5943.36	-36.55	-1.79
6037.36	-36.63	-1.63
6131.35	-35.49	-1.55
6225.35	-34.35	-1.45
6319.34	-33.27	-1.1
6414.34	-32.45	-0.56
6508.33	-31.75	-0.17
6602.33	-31.34	-0.14
6696.33	-31.6	-0.02
6790.33	-32.29	0.41
6884.33	-33.43	0.45
6978.31	-35.29	0.17
7072.29	-37.33	0.22
7166.28	-37.43	0.13
7260.27	-35.93	-0.3
7354.26	-34.67	-0.62
7448.26	-33.53	-0.78
7543.25	-32.41	-1.08
7637.25	-31.3	-1.25
7731.24	-30.25	-1.12
7825.23	-29.13	-0.85
7919.23	-27.96	-0.31
8013.22	-26.88	0.56
8107.21	-25.89	1.66
8201.2	-25.28	3.05
8296.18	-25.33	4.74
8390.18	-25.16	5.1
8484.17	-24.26	4.29
8578.16	-23.22	3.64
8672.16	-22.22	2.93
8766.15	-21.12	2.2
8860.14	-19.83	1.49
8954.13	-18.6	0.84
9048.12	-17.38	0.15
9142.11	-16.04	-0.64
9237.1	-14.62	-1.3
9331.09	-13.39	-1.75
9425.08	-12.24	-2.18
9519.07	-11.02	-2.66
9613.06	-9.76	-3.25
9646.06	-9.29	-3.49
9680.06	-8.93	-3.68
9711.05	-9.54	-3.45
9742.92	-12.1	-2.44
9773.57	-16.53	-1
9803.87	-22.82	0.73
9834.66	-31.17	3.13
9864	-40.81	5.85
9892.83	-51.84	8.65
9921.91	-64.73	12.08
9949.34	-78.59	16.11
9977.08	-93.92	20.54
10003.51	-109.51	24.92
10029.22	-126.17	29.62
10054.78	-144.67	34.98
10078.36	-163.93	40.74
10101.24	-185.35	47.17
10121.86	-207.52	53.82
10140.81	-230.91	61.18
10158.96	-255.85	69.7
10175.23	-280.67	78.66
10189.85	-306.27	88.21
10203.02	-333.59	98.4
10213.95	-360.94	108.05
10222.83	-389.09	117.49
10229.75	-418.81	127.12
10234.44	-448	136.43
10236.98	-476.46	145.57
10238.32	-506.86	155.45
10239.1	-536.29	165.16
10239.66	-566.66	175.23
10240.2	-625.3	195.36
10240.28	-655.4	206.23
10240.23	-713.66	227.43
10240.01	-743.78	238.25
10239.73	-802.94	259.9
10239.65	-831.89	270.98
10239.32	-890.59	293.87
10239.05	-919.46	305.15
10238.5	-978.19	327.93
10238.31	-1007.16	338.97
10237.95	-1037.07	350.33
10237.33	-1066.05	361.34
10236.01	-1153.88	394.79
10235.96	-1183.72	406.36
10235.63	-1241.69	428.33
10235.87	-1326.76	460.64
10236.88	-1383.17	483.83
10237.72	-1442.7	507.28
10237.33	-1502.84	529.17
10236.69	-1532.91	540.09
10236.05	-1563.03	550.9
10235.54	-1623.2	572.68
10235.68	-1653.25	583.68
10235.63	-1713.26	605.94
10235.57	-1743.19	617.25
10235.65	-1773.11	628.61
10235.77	-1803.01	640
10235.52	-1831.93	651.16
10234.74	-1891.35	674.93
10234.68	-1921.84	687.55
10234.4	-1980.97	712.05
10234.24	-2010.52	724.32
10234.35	-2069.56	749.02
10234.35	-2099.22	761.03
10234.35	-2129	772.76
10234.12	-2158.8	784.41
10233.4	-2188.64	795.95
10232.97	-2246.53	818.12
10233.33	-2276.49	829.35
10233.72	-2336.78	850.82
10233.78	-2367.07	861.15
10234.05	-2427.54	882.1
10234.33	-2457.7	892.8
10234.61	-2518.03	914.17
10234.67	-2548.27	924.64
10233.94	-2608.85	945.26
10232.97	-2639.12	955.6
10230.93	-2698.85	975.52
10229.13	-2788.33	1004.25
10228.12	-2849.34	1023.55
10227.34	-2879.86	1033.14
10226.98	-2910.38	1042.77
10227.12	-2940.91	1052.36
10227.26	-2971.41	1062.04
10227.34	-3001.88	1071.82
10227.56	-3061.86	1091.08
10228.4	-3122.74	1110.8
10229.07	-3153.16	1120.71
10229.4	-3183.61	1130.55
10228.63	-3243.69	1149.49
10227.8	-3274.25	1158.95
10227.18	-3335.51	1177.45
10227.47	-3367.16	1186.79
10227.67	-3397.82	1195.96
10227.67	-3428.47	1205.16
10227.16	-3520.44	1232.66
10226.49	-3612.27	1260.65
10226.32	-3704.75	1289.9
10226.32	-3735.25	1299.6
10225.94	-3795.36	1318.44
10225.04	-3856.46	1337.47
10224.46	-3887	1347.01
10224.46	-3918.49	1356.88
10225.69	-3979.59	1375.91
10226.19	-4010.09	1385.56
10227.03	-4071.08	1404.96
10228.79	-4162.36	1434.62
10229.96	-4253.45	1464.92
10230.07	-4283.84	1474.94
10230.07	-4344.64	1494.93
10230.04	-4374.97	1505.11
10229.77	-4434.63	1525.36
10229.54	-4464.94	1535.62
10228.76	-4525.45	1556.46
10227.98	-4555.66	1566.98
10226.36	-4616.28	1587.44
10225.72	-4646.72	1597.3
10224.49	-4707.61	1616.96
10223.71	-4738.02	1626.9
10222.37	-4798.82	1646.84
10221.84	-4829.24	1656.75
10220.5	-4890.01	1676.79
10219.77	-4920.37	1686.86
10218.38	-4981.14	1706.9
10216.51	-5072.78	1738.63
10216.05	-5101.92	1749.21
10215.72	-5131.97	1760.2
10215.42	-5161.07	1770.88
10215	-5191.12	1781.88
10214.3	-5221.16	1792.87
10213.44	-5251.2	1803.87
10212.11	-5308.46	1824.87
10211.58	-5338.49	1835.9
10210.48	-5407.87	1861.63

Y	X	Z
100.01	0	0
200.01	0	0
300.01	0	0
400.01	0	0
500.01	0	0
600.01	0	0
700.01	0	0
800.01	0	0
900.02	0	0
1000.02	0	0
1100.02	0	0
1200.02	0	0
1300.02	0	0
1400.02	0	0
1500.02	0	0
1600.02	0	0
1700.03	0	0
1800.03	0	0
1900.03	0	0
2000.03	0	0
2100.03	0	0
2200.03	0	0
2300.03	0	0
2400.03	0	0
2473.03	-0.18	0.74
2566.99	-1.03	3.22
2660.95	-2.54	5.59
2756.92	-4.7	6.44
2849.87	-7.6	5.29
2942.82	-10.25	3.56
3037.81	-11	3.29
3129.8	-9.98	4.29
3227.78	-8.55	5.14
3324.78	-7.38	5.3
3418.77	-6.24	5.46
3511.76	-5.02	5.88
3604.75	-3.58	6.63
3697.74	-1.95	7.28
3794.72	-0.03	7.58
3884.7	1.98	7.92
3976.68	3.55	8.29
4073.68	4.37	8.51
4168.68	5.08	8.71
4262.67	5.89	9.1
4354.67	6.64	9.69
4450.66	7.3	10.74
4546.65	7.83	12.23
4639.63	8.07	14.07
4720.62	8.07	15.38
4814.62	7.9	16.19
4940.61	7.69	17.69
5034.6	7.78	19.31
5128.58	7.91	21.27
5222.55	7.8	23.84
5316.51	7.28	26.48
5410.49	6.81	28.29
5504.48	7.02	29.56
5598.47	7.74	30.96
5692.45	8.91	32.48
5787.44	9.83	33.72
5881.44	10.62	34.29
5975.41	12.91	34.72
6069.34	16.38	35.58
6163.3	18.87	36.9
6257.29	19.58	37.97
6351.29	19.82	38.5
6445.28	20.47	38.9
6539.27	21.71	39.38
6633.27	22.84	39.77
6727.27	23.12	39.98
6821.27	23.12	40.01
6915.27	23.29	39.63
7010.27	23.45	39.32
7104.27	23.2	39.36
7198.27	22.53	39.44
7292.27	21.55	39.43
7386.26	20.23	39.41
7480.24	18.25	39.5
7574.21	15.87	39.08
7668.19	14.48	38.35
7762.19	13.92	37.91
7856.18	13.11	37.11
7950.16	11.93	35.54
8044.15	11.28	33.98
8136.14	11.96	33.23
8228.13	13.42	33.05
8320.12	15.3	33.25
8412.08	17.73	33.69
8503.04	20.42	34.25
8593.02	22.17	34.78
8684.02	22.78	35
8776.02	23.42	34.68
8867.01	24.84	34.03
8960.99	26.48	33.58
9055.99	27.53	33.87
9149.98	27.89	35.27
9243.94	26.77	37.43
9337.87	23.98	39.99
9369.83	22.72	41.03
9400.78	21.43	42.13
9431.72	20.13	43.63
9463.57	18.53	46.17
9494.3	16.55	49.77
9524.88	14.08	54.2
9556.37	10.88	58.89
9586.8	7.07	63.43
9617.01	2.47	68.6
9647.87	-3.13	74.94
9677.48	-9.14	81.89
9707.83	-15.62	89.69
9736.99	-22.27	97.84
9765.79	-29.5	106.76
9795.03	-37.61	116.89
9822.93	-46.14	127.38
9850.45	-55.08	138.51
9878.36	-64.76	150.8
9904.84	-74.61	163.55
9931.56	-85.37	177.49
9956.86	-96.4	191.61
9981.59	-107.86	206.37
10006.44	-120.02	222.46
10029.81	-132.11	238.84
10052.57	-144.68	255.72
10075.5	-158.27	273.42
10097.25	-171.99	290.74
10119.08	-186.54	309.06
10139.36	-201.06	327.47
10158.63	-216	346.6
10177.54	-232.03	366.83
10195.28	-247.74	386.82
10212.66	-263.21	407.31
10229.89	-279.25	428.98
10245.57	-295.2	450.44
10259.8	-311.69	472.49
10272.85	-329.11	495.95
10283.94	-346.54	519.06
10294.11	-365.05	543.09
10303.28	-383.28	566.43
10311.76	-401.48	590.05
10319.33	-420.13	614.92
10325.05	-438.56	639.18
10328.89	-457.24	663.61
10331.1	-476.72	688.9
10332.53	-496.04	713.1
10333.92	-515.4	737.27
10335.4	-535.15	762.4
10336.89	-554.37	786.68
10338.44	-573.69	810.88
10340.01	-593.41	836.03
10341.42	-612.49	860.43
10342.55	-632.24	885.58
10343	-651.33	910
10342.98	-670.51	934.35
10342.82	-689.89	958.54
10342.83	-709.67	982.41
10343.31	-730.58	1006.63
10343.94	-751.15	1029.81
10344.39	-772.15	1052.61
10344.72	-794.61	1075.4
10344.96	-816.85	1097
10345.13	-839.1	1118.58
10345.21	-854.13	1133.25
10345.45	-904.45	1183.34
10345.52	-927.16	1205.88
10345.44	-950.37	1227.91
10345.32	-974.18	1249.29
10345.24	-998.59	1269.98
10345.23	-1022.73	1289.42
10345.28	-1048.26	1308.72
10345.51	-1075.12	1327.88
10345.86	-1101.73	1345.65
10346.02	-1128.88	1362.59
10346.08	-1155.68	1378.17
10346.4	-1183.81	1393.42
10347.09	-1212.33	1407.91
10348.04	-1241.37	1421.32
10349.22	-1270.81	1433.8
10350.53	-1300.66	1445.26
10351.74	-1330.91	1455.61
10352.66	-1361.43	1465.17
10353.15	-1392	1474.62
10353.34	-1422.55	1484.14
10353.48	-1453.1	1493.66
10353.46	-1483.59	1503.4
10353.68	-1514.08	1513.1
10354.62	-1544.63	1522.59
10356.22	-1575.15	1532.05
10358.09	-1605.64	1541.6
10359.64	-1636.13	1551.18
10360.59	-1666.59	1560.96
10361.06	-1697.09	1570.62
10361.9	-1787.72	1599.08
10361.11	-1878.99	1628.83
10358.14	-1969.12	1658.71
10354.77	-2060.53	1687.83
10352.1	-2151.34	1715.63
10350.87	-2241.98	1744.02
10350.5	-2333.45	1773.19
10349.89	-2423.97	1801.99
10348.4	-2515.44	1831.1
10347.15	-2606	1859.77
10346.5	-2697.61	1888.47
10346.67	-2787.32	1916.56
10347.31	-2878.86	1945.45
10346.84	-2969.35	1974.39
10346.64	-3060.48	2004.58
10346.81	-3151.16	2036.08
10346.55	-3241.53	2068.47
10346.19	-3332	2100.6
10345.48	-3422.98	2131.22
10344.25	-3514.31	2160.77
10344.2	-3605.14	2191.83
10345.46	-3695.61	2223.91
10346.67	-3786.23	2255.59
10347.62	-3875.91	2286.92
10347.34	-3966.65	2318.25
10346.04	-4058.11	2350.55
10343.31	-4148.14	2383.76
10339.16	-4237.97	2417.36
10334.97	-4327.66	2451.34
10330.59	-4417.27	2485.51
10325.88	-4505.83	2519.55
10321.81	-4595.38	2553.9
10319.01	-4685.63	2586.51

Y	X	Z
25	0	0
217.57	0.39	0.24
248.71	0.57	0.45
342.08	1.04	1.68
435.48	1.15	2.9
528.82	0.68	4.17
622.16	-0.35	6.32
715.44	-1.77	9.58
808.78	-2.87	12.94
902.06	-3.16	16.19
995.33	-3.31	20.71
1088.6	-3.93	24.7
1181.91	-5.06	27.13
1275.24	-7.15	29.84
1368.6	-9.37	31.41
1462	-10.6	30.89
1555.3	-11.74	29.41
1648.65	-12.9	27.42
1741.93	-13.92	25.41
1835.17	-14.78	23.35
1928.43	-15.37	20.42
2022.6	-15.9	18.14
2116.99	-16.9	17.59
2211.04	-18.28	16.91
2333.18	-19.8	14.53
2396.15	-20.62	12.9
2490.12	-22.87	11.89
2584.07	-25.95	12.54
2678.01	-29.16	13.34
2771.94	-32.84	14.01
2865.87	-35.98	15.57
2959.81	-38.04	18.02
3053.77	-39.81	20.41
3147.73	-41.54	22.65
3241.69	-43.31	24.62
3335.66	-45.11	26.31
3429.63	-47.04	27.88
3523.6	-48.86	29.18
3617.59	-50.35	30.04
3711.58	-51.65	30.75
3805.57	-52.85	31.25
3899.57	-53.62	31.53
3993.57	-53.87	31.74
4087.57	-53.83	31.88
4182.57	-53.64	32.13
4276.57	-53.34	32.37
4370.57	-52.91	32.51
4464.57	-52.36	32.65
4559.56	-51.52	33.06
4653.56	-50.54	33.6
4747.55	-49.49	34.41
4842.54	-48.78	35.94
4936.53	-48.93	37.32
5030.52	-49.56	38.17
5124.52	-49.6	39.05
5218.5	-48.41	40.16
5313.48	-46.71	41.46
5407.46	-45.17	43.11
5502.43	-44.08	44.95
5596.42	-43.37	46.65
5690.4	-42.81	47.98
5785.4	-42.26	49.12
5879.39	-41.79	50.26
5974.39	-41.42	51.19
6069.38	-40.94	52.02
6163.38	-40.52	52.74
6257.38	-40.08	53.46
6352.37	-39.25	54.06
6446.36	-37.94	54.41
6541.34	-35.94	54.56
6635.31	-33.44	54.78
6729.28	-30.9	55.29
6823.24	-28.58	56.19
6917.22	-26.89	57.5
7012.2	-25.58	58.92
7107.17	-24.32	60.91
7201.14	-23.3	63.26
7295.12	-22.35	65.23
7389.09	-21.28	67.16
7483.06	-20.24	69.23
7577.04	-19.39	71.22
7671.01	-18.67	73.52
7765.98	-17.98	76.04
7859.95	-17.38	77.96
7954.94	-16.94	79.38
8048.93	-16.53	80.86
8143.92	-16.22	82.38
8237.92	-15.79	83.4
8331.91	-14.99	84.49
8426.89	-14.14	85.93
8520.88	-13.63	87.3
8615.87	-13.49	88.7
8709.86	-13.63	90.02
8803.86	-14.07	91.19
8897.85	-14.55	92.2
8992.85	-14.91	93.17
9086.84	-15.15	94.09
9180.84	-15.35	94.91
9275.84	-15.56	95.7
9369.84	-15.68	96.38
9464.83	-15.81	97.24
9489.83	-15.84	97.53
9524.83	-15.93	97.86
9556.83	-16.32	98.36
9587.78	-17.42	99.56
9619.61	-19.76	101.78
9650.27	-23.16	104.82
9681.71	-27.67	108.77
9711.92	-32.96	113.24
9741.94	-39.18	117.81
9771.8	-46.44	121.92
9802.39	-54.71	126.35
9831.78	-63.31	131.21
9861.83	-72.79	136.77
9890.55	-82.71	142.91
9919.91	-93.46	149.69
9948.1	-104.14	156.91
9975.68	-115.57	165.28
10002.81	-127.58	174.25
10030.64	-140.34	183.55
10057.08	-153.56	192.89
10082.72	-167.79	202.93
10108.31	-183.78	213.56
10132.11	-200.39	224.44
10155.22	-217.47	236.08
10177.91	-235.05	247.79
10200.53	-253.95	260.24
10221.85	-272.61	272.82
10242.65	-291.46	285.96
10263.09	-311.63	300.09
10282.19	-331.71	313.97
10301.76	-352.69	328.15
10320.09	-373.5	341.98
10337.07	-395.32	356
10353	-418.84	370.72
10367.2	-442.16	385.4
10380.86	-466.74	400.68
10393.34	-491.14	415.16
10405.49	-515.93	429.25
10417.94	-541.45	444.01
10430.02	-566.1	458.42
10441.53	-590.99	472.88
10452.02	-617.24	487.85
10460.94	-643.05	502.54
10468.86	-670.04	517.78
10475.47	-696.51	532.51
10481.85	-723.91	547.75
10487.84	-750.35	562.78
10493.49	-776.7	578.1
10498.29	-804.17	593.8
10500.98	-829.29	608.02
10502.27	-859.59	625.49
10502.54	-886.25	641.31
10502.57	-913.82	657.56
10502.62	-940.85	672.73
10502.39	-969.08	687.79
10501.75	-996.71	701.84
10500.84	-1025.52	715.72
10499.69	-1053.74	728.5
10498.46	-1083.16	741.03
10497.6	-1112.04	752.27
10497.2	-1142.23	762.87
10497.16	-1171.75	772.33
10497.21	-1201.61	780.63
10497.07	-1230.85	787.34
10496.65	-1261.23	793.52
10496.4	-1290.73	798.95
10496.91	-1321.39	803.51
10498	-1351.12	807.38
10499.15	-1381.87	811.1
10499.99	-1411.66	814.57
10500.39	-1442.43	818.31
10500.47	-1472.24	821.7
10500.57	-1503.02	825.33
10500.73	-1532.79	829.07
10500.93	-1562.58	832.55
10501.06	-1593.38	836.12
10501.06	-1623.2	839.35
10501	-1654.05	842.44
10500.97	-1683.91	845.28
10500.99	-1713.83	847.5
10500.95	-1743.78	849.18
10500.81	-1773.74	850.79
10500.76	-1803.7	852.47
10500.94	-1834.66	853.86
10501.1	-1864.65	854.84
10501.1	-1895.64	855.63
10500.64	-1985.61	858
10499.65	-2077.58	859.92
10499.75	-2168.57	861.23
10499.43	-2259.56	862.36
10498.97	-2350.54	861.36
10501.77	-2442.47	859.19
10505.97	-2532.35	857.46
10508.08	-2624.3	855.14
10507.34	-2715.25	852.4
10506.53	-2807.19	849.23
10505.96	-2898.14	846.13
10505.28	-2992.1	843.55
10504.72	-3086.07	841.19
10505.02	-3181.05	839.23
10506.36	-3275.03	837.67
10506.82	-3370	835.73
10506.4	-3463.99	834.02
10506.63	-3557.98	833.03
10507.01	-3652.98	831.92
10506.68	-3746.97	830.62
10506.48	-3841.97	830.18
10505.19	-3935.96	830.26
10503.58	-4030.94	830.66
10503.89	-4124.92	832.23
10504.87	-4218.87	835.27
10505.84	-4313.75	840.01
10506.45	-4407.6	845.15
10506.32	-4502.45	850.56
10506.35	-4596.26	856.52
10506.75	-4690.1	862
10507.24	-4784.97	866.96
10505.89	-4878.86	871.18
10503.52	-4973.78	874.42
10502.86	-5067.73	877.22
10502.5	-5162.71	879.4
10502.48	-5256.67	881.86
10503.36	-5350.6	885.52
10503.98	-5445.5	889.95
10503.9	-5539.4	894.23
10503.03	-5634.32	897.97
10502.25	-5728.27	901
10500.66	-5823.22	903.6
10499.1	-5917.19	905.37
10498.94	-6012.19	905.22
10498.5	-6106.18	904.17
10498.25	-6177.18	903.47
10497.66	-6272.17	902.46
10498.92	-6366.14	901.4
10503.03	-6461.05	900.64
10505.04	-6555.01	899.31
10504.12	-6648.99	897.43
10502.21	-6743.96	896.18
10500.5	-6837.94	895.07
10498.66	-6932.92	894.37
10497.68	-7026.91	895.41
10497.99	-7121.89	897.43
10497.58	-7215.88	898.25
10496.04	-7309.87	898.35
10493.65	-7404.84	898.99
10491.33	-7498.81	899.43
10491.9	-7592.79	898.57
10495.21	-7687.72	897.15
10496.57	-7781.68	895.13
10495.08	-7876.61	891.78
10493.41	-7970.54	888.59
10490.81	-8064.43	884.9
10488.47	-8159.31	880.75
10487.06	-8254.22	876.87
10485	-8348.13	873.27
10483.52	-8443.08	870.59
10482.18	-8537.05	868.89
10481.34	-8632.04	867.5
10481.11	-8727.03	866.24
10480.16	-8821.03	866.08
10478.22	-8916	867.01
10478.64	-9009.98	866.55
10480.5	-9104.95	865.37
10481.48	-9198.94	866.16
10481.33	-9293.93	867.18
10479.79	-9387.91	867.91
10479.05	-9481.91	867.95
10477.02	-9576.88	867.33
10475.24	-9670.86	867.69
10473.68	-9765.83	869.21
10472.27	-9859.8	871.02
10474.35	-9951.76	872.37
10476.93	-10043.71	873.91
10476.39	-10135.68	876.01
10473.89	-10226.6	878.71
10471.03	-10319.5	881.97
10469.14	-10412.4	885.82
10468.35	-10504.3	890.13
10467.29	-10596.15	895.33
10467.26	-10598.14	895.45

Y	X	Z
25	0	0
217	-1.05	-0.2
248	-1.36	-0.21
342	-2.36	-0.38
434.99	-3.45	-0.87
527.98	-4.83	-1.4
621.96	-6.75	-1.96
714.94	-8.68	-2.66
808.91	-10.67	-3.64
901.88	-12.87	-4.88
994.84	-15.04	-6.17
1088.81	-17.18	-7.67
1181.78	-19.19	-9.07
1274.75	-21.03	-10.4
1368.72	-22.84	-11.91
1461.7	-24.57	-13.25
1555.68	-26.18	-14.62
1648.65	-27.8	-16.29
1741.62	-29.43	-18.12
1835.59	-30.99	-19.92
1928.58	-32.05	-20.15
2022.56	-32.64	-18.41
2116.54	-33.17	-16.3
2210.52	-33.3	-14.28
2225.51	-33.31	-13.95
2301.49	-33.47	-12.05
2395.48	-34.1	-10.87
2489.44	-36.35	-12.18
2583.34	-39.83	-14.86
2677.23	-43.29	-17.76
2771.13	-46.62	-20.62
2865.03	-50	-23.34
2958.92	-53.54	-26.01
3052.82	-56.95	-28.85
3146.72	-60.13	-31.86
3240.61	-63.6	-34.89
3334.49	-67.39	-37.8
3428.38	-71	-40.62
3522.28	-74.25	-43.33
3616.19	-77.46	-45.88
3710.11	-80.49	-48.35
3804.04	-83.14	-50.81
3897.98	-85.53	-53.33
3991.93	-87.6	-55.7
4085.89	-89.55	-57.84
4180.85	-91.32	-59.87
4274.82	-92.8	-61.8
4368.76	-95.43	-63.75
4462.67	-99.04	-65.76
4557.61	-101.82	-67.62
4651.58	-103.58	-69.29
4745.52	-106.15	-71.44
4840.41	-109.96	-74.1
4934.31	-113.41	-76.66
5028.23	-116.35	-79.09
5122.18	-118.81	-81.11
5216.14	-120.9	-82.73
5311.11	-122.79	-84.43
5405.08	-124.53	-85.98
5500.06	-126.22	-87.2
5594	-128.96	-89.22
5687.86	-132.9	-92.38
5782.72	-136.8	-95.85
5876.6	-140.1	-99.33
5971.5	-142.72	-102.72
6066.44	-144.82	-105.68
6160.4	-146.28	-107.82
6254.37	-148.09	-109.5
6349.28	-151.66	-111.49
6443.12	-156.55	-113.88
6537.93	-161.92	-116.5
6631.76	-167.04	-119.22
6725.57	-172.1	-122.27
6819.35	-177.54	-125.67
6913.16	-182.58	-128.96
7008	-187.38	-131.88
7102.85	-191.87	-134.69
7196.72	-195.79	-137.54
7290.64	-198.85	-139.91
7384.61	-200.85	-141.4
7478.56	-203.43	-142.91
7572.49	-206.67	-144.9
7666.43	-209.32	-146.94
7761.36	-211.94	-149.39
7855.28	-214.88	-152.22
7950.21	-217.42	-154.56
8044.18	-219.25	-156.27
8139.17	-220.05	-157.67
8233.16	-220.36	-158.87
8327.14	-221.38	-160.34
8421.11	-223.07	-162.32
8516.06	-225.15	-164.66
8610.01	-227.08	-167.17
8703.97	-228.55	-169.43
8797.94	-229.86	-171.28
8892.92	-230.94	-172.9
8986.9	-231.87	-174.55
9080.89	-232.9	-175.89
9174.87	-234.14	-177.08
9269.85	-235.45	-178.87
9364.83	-236.64	-180.65
9458.81	-237.49	-182.22
9514.8	-237.81	-183.2
9522.8	-237.85	-183.35
9553.8	-238.07	-183.91
9584.79	-238.66	-184.37
9616.77	-239.7	-184.77
9647.75	-240.56	-185.16
9679.73	-241.66	-185.39
9710.64	-244	-185.39
9741.37	-248.06	-185.13
9772.8	-254.04	-184.79
9802.95	-261.23	-185.08
9832.92	-269.06	-186.3
9863.74	-277.49	-187.93
9893.41	-286.34	-189.48
9923.64	-296.7	-191.16
9952.36	-308.22	-192.87
9980.63	-320.86	-194.39
10009.57	-334.44	-195.89
10037.33	-348.16	-197.34
10064.75	-362.55	-198.69
10092.66	-378.16	-199.88
10119.25	-394.08	-200.72
10145.33	-410.82	-201.23
10170.87	-428.38	-201.53
10196.61	-447.39	-201.92
10220.75	-466.83	-202.52
10243.95	-487.36	-203.39
10266.07	-509.05	-204.55
10287.68	-532.61	-205.9
10307.33	-556.54	-207.19
10326.13	-582.41	-208.4
10343.31	-608.2	-209.23
10360.79	-634.99	-209.9
10377.81	-660.89	-210.58
10394.68	-686.89	-211.21
10411.25	-714.26	-211.97
10425.72	-741.65	-212.87
10438.6	-769.83	-213.69
10450.6	-799.49	-214.44
10461.28	-828.58	-215.28
10470.69	-858.08	-216.49
10478.91	-888.96	-218.15
10485.85	-919.11	-220.08
10492.39	-950.36	-222.26
10497.85	-980.8	-224.37
10502.2	-1012.42	-226.71
10505.17	-1043.18	-229.14
10506.8	-1074.03	-231.63
10507.15	-1090.97	-233.07
10507.47	-1174.72	-239.43
10507.38	-1206.65	-241.67
10506.89	-1300.39	-248.58
10507.76	-1394.18	-254.71
10509.8	-1489.02	-259.87
10509.71	-1579.9	-264.41
10508.2	-1671.81	-268.39
10507.39	-1762.75	-271.44
10507.34	-1854.72	-273.85
10507.91	-1945.71	-275.06
10506.98	-2036.7	-274.8
10504.46	-2126.66	-274.08
10504.14	-2217.65	-273.7
10503.75	-2308.65	-273.65
10501.67	-2399.62	-273.59
10500.21	-2491.61	-273.59
10499.63	-2582.59	-272.19
10499.85	-2673.57	-270.19
10499.63	-2764.56	-268.56
10500.3	-2855.51	-265.67
10501.44	-2947.44	-262.44
10502.08	-3038.37	-258.95
10502.03	-3130.31	-255.65
10502.44	-3220.25	-252.6
10503.7	-3315.17	-248.85
10505.34	-3410.07	-244.94
10505.03	-3503.96	-240.54
10502.38	-3598.78	-235.37
10501.04	-3692.55	-229
10500.33	-3787.37	-223.29
10497.66	-3882.25	-219.35
10494.27	-3976.15	-216.77
10493.7	-4071.12	-214.47
10493.11	-4165.07	-211.74
10490.81	-4260.02	-209.77
10488.07	-4353.98	-209.55
10486.01	-4448.94	-211.51
10485.78	-4543.89	-214.58
10486.29	-4637.84	-217.44
10485.8	-4732.83	-218.81
10484.86	-4826.82	-219.43
10484.88	-4921.81	-220.92
10485.69	-5015.79	-222.48
10486.21	-5110.78	-223.88
10485.63	-5204.77	-225.16
10484.85	-5299.77	-226.01
10484.75	-5327.77	-226.27
10483.89	-5422.76	-225.81
10481.37	-5516.72	-225.62
10478.49	-5610.66	-227.14
10475.57	-5705.61	-228.26
10472.06	-5799.52	-230.13
10470.76	-5894.43	-233.85
10472.02	-5988.3	-238.76
10475.28	-6082.09	-243.95
10478.31	-6176.9	-249.1
10479.53	-6270.8	-253.16
10479.55	-6365.73	-256.81
10478.67	-6459.61	-261.47
10479.35	-6554.5	-266.01
10480.06	-6648.42	-269.67
10478.72	-6742.37	-272.45
10476.53	-6837.33	-274.05
10475.25	-6931.32	-275.06
10472.98	-7026.28	-275.74
10469.15	-7120.18	-277.76
10467.4	-7214.11	-280.78
10467.27	-7309.09	-282.59
10467.31	-7403.09	-283.19
10467.24	-7498.09	-282.44
10466.99	-7592.07	-280.57
10466.91	-7687.06	-279.66
10465.98	-7781.04	-281.27
10464.82	-7876.01	-283.5
10463.49	-7969.98	-285.38
10462.53	-8063.97	-286.32
10461.78	-8158.96	-285.02
10460.89	-8252.93	-282.8
10459	-8347.9	-282.48
10457.36	-8441.86	-284.35
10458.27	-8536.84	-285.82
10458.28	-8630.82	-287.57
10456.73	-8724.77	-290.29
10455.22	-8819.74	-292.04
10454.45	-8913.74	-292.36
10454.19	-9008.74	-292.69
10454.29	-9102.74	-292.91
10453.06	-9196.72	-291.8
10450.4	-9291.67	-291.82
10448.42	-9385.62	-294.19
10446.22	-9480.56	-296.85
10445.85	-9574.54	-298.42
10446.59	-9668.51	-300.44
10445.82	-9763.46	-303.58
10444.73	-9857.42	-306.07
10443.02	-9952.38	-307.92
10441.77	-10046.37	-308.77
10441.9	-10140.37	-308.52
10441.54	-10235.37	-308.1
10440.62	-10330.36	-307.46
10439.87	-10424.35	-306.22
10439.31	-10519.33	-304.09
10438.68	-10617.29	-301.56
10438.3	-10650.28	-300.58

Y	X	Z
145	-0.25	-0.74
220	-0.34	-1.7
326.99	-0.21	-3.34
417.98	0.14	-4.43
512.97	0.81	-5.39
605.97	1.56	-6.24
696.96	2.42	-6.95
787.95	3.34	-7.81
879.94	4.23	-8.94
970.93	5.23	-10.28
1062.91	6.35	-11.65
1154.9	7.41	-12.3
1244.9	8.13	-12.55
1338.9	8.63	-12.92
1429.9	8.98	-13.21
1523.9	9.26	-13.48
1619.9	9.58	-13.62
1713.9	9.76	-13.64
1806.9	9.92	-13.48
1900.9	10.32	-13.59
1994.9	10.57	-13.21
2087.9	10.53	-13.29
2181.89	10.41	-14.91
2274.87	9.97	-16.89
2368.83	8.53	-19.02
2466.79	6.25	-20.73
2507.78	5.25	-21.2
2645.72	1.54	-22.87
2739.69	-0.15	-24.13
2833.69	-0.84	-25.23
2927.68	-1.54	-25.9
3020.68	-1.95	-26.17
3113.68	-2.07	-26.16
3207.68	-2.2	-25.95
3300.68	-2.4	-25.34
3393.68	-2.63	-24.31
3488.67	-2.69	-23.08
3581.66	-2.72	-21.86
3674.66	-2.81	-20.9
3768.65	-2.62	-19.6
3862.64	-2.18	-17.86
3956.62	-1.44	-16.23
4049.61	-0.53	-14.99
4143.6	0.26	-14.05
4237.6	0.98	-13.39
4330.59	1.56	-12.96
4424.59	2.02	-12.83
4519.59	2.53	-13.12
4614.59	2.88	-13.62
4708.59	3.11	-13.94
4801.59	3.6	-13.71
4894.59	3.8	-13.38
4989.59	3.16	-13.25
5082.59	2.11	-13.2
5176.58	1.15	-13.05
5270.58	0.13	-12.73
5364.57	-1.24	-12.59
5458.56	-2.86	-12.78
5553.54	-4.59	-12.83
5648.53	-5.9	-12.42
5742.53	-6.67	-11.71
5835.52	-7.13	-11.15
5928.53	-7.29	-10.92
6022.53	-7.17	-10.44
6115.52	-6.9	-9.51
6209.51	-6.66	-8.31
6302.5	-6.33	-6.81
6396.49	-5.76	-5.19
6489.47	-4.93	-3.52
6582.45	-3.91	-1.77
6678.43	-2.91	-0.12
6770.41	-2.29	1.59
6864.4	-1.85	3.42
6958.38	-1.12	5.06
7051.37	-0.06	6.24
7145.36	0.81	7.08
7239.36	1.13	7.98
7332.35	1.24	8.95
7426.35	1.41	10.09
7520.34	1.58	11.39
7614.33	1.73	12.61
7708.32	1.97	13.9
7801.31	2.03	15.34
7894.31	1.85	16.54
7988.3	1.5	17.23
8082.3	1.09	17.45
8176.3	0.45	17.32
8270.3	-0.39	16.85
8365.3	-0.94	16.24
8459.29	-1.61	15.66
8553.29	-2.57	15.22
8647.29	-3.37	15.09
8740.28	-4.24	14.93
8833.28	-5.33	14.93
8927.27	-6.45	15
9021.27	-7.34	14.9
9115.27	-8.15	14.79
9209.26	-8.86	14.61
9302.26	-9.33	14.58
9396.26	-10	14.41
9491.26	-10.73	14.01
9585.26	-11.34	13.93
9679.26	-11.88	13.77
9772.26	-12.4	13.39
9866.26	-12.69	13.25
9959.26	-12.54	13.43
9991.26	-12.46	13.48
10027.26	-12.34	13.46
10059.25	-11.96	12.83
10090.12	-10.91	10.35
10120.64	-8.75	5.42
10150.73	-5.34	-1.23
10180.42	-1.14	-9.05
10210.53	3.57	-18.81
10238.99	8.82	-29.91
10267.47	15.42	-42.91
10294.01	23.13	-56.94
10319.44	32.28	-72.1
10344.38	43.46	-88.73
10367.05	55.86	-105.84
10388.6	70.2	-124.64
10407.34	85.8	-143.77
10423.99	103.23	-163.24
10438.91	122.57	-182.33
10452.2	143.64	-200.76
10464.14	166.77	-219.35
10473.97	190.27	-237.02
10481.63	214.93	-254.15
10486.37	240.68	-270.71
10489.62	304.23	-306.36
10489.16	331.85	-320.43
10488.25	416.11	-364.3
10488.5	500.6	-407.72
10489.64	585.54	-447.96
10491.8	672.99	-484.99
10493.95	761.42	-519.65
10494.45	850.77	-551.9
10494.37	941.36	-580.47
10494.2	1033.22	-604.65
10494.87	1125.71	-626.35
10496.52	1218.32	-647.47
10496.11	1310.22	-667.17
10497.36	1403.08	-687.08
10502.03	1494.6	-708.04
10504.02	1587.09	-729.57
10504.1	1680.56	-751.49
10503.69	1771.9	-773.67
10502.95	1864.03	-796.81
10502.7	1955.9	-821
10501.37	2047.52	-846.06
10499.55	2139.38	-870.25
10499.38	2231.47	-893.55
10500.05	2323.52	-917.01
10500.13	2414.49	-940.71
10500.7	2505.22	-965.28
10500.62	2596.85	-990.34
10499.87	2688.53	-1015.25
10500.37	2779.43	-1039.18
10502.11	2871.43	-1062.8
10503.18	2963.48	-1086.27
10504.35	3055.49	-1109.89
10504.1	3147.67	-1132.79
10502.02	3240.38	-1153.43
10501.69	3333.32	-1173.1
10502.52	3426.24	-1192.85
10501.69	3519.24	-1212.19
10499.37	3612.28	-1231.29
10498.46	3705.33	-1250.39
10499.62	3798.45	-1269.17
10501.36	3891.62	-1287.62
10501.94	3983.88	-1305.63
10501.85	4077.09	-1324
10502.35	4170.33	-1342.21
10503.59	4263.59	-1360.26
10505.83	4356.75	-1378.7
10508.07	4449.8	-1397.72
10509.24	4543.77	-1417.35
10509.91	4636.67	-1437.18
10508.99	4729.66	-1456.61
10507.17	4822.85	-1474.97
10508.33	4916.02	-1493.42
10509.57	5009.41	-1510.73
10508.58	5102.77	-1528.29
10507.5	5195.58	-1548.52
10505.93	5287.82	-1571.18
10505.51	5379.34	-1596.65
10506.72	5439.69	-1614.69
10507.59	5470.18	-1624.37
10508.34	5500.54	-1634.44
10510.43	5560.06	-1654.99
10516.48	5649.23	-1687.18
10521.2	5738.71	-1718.69
10521.28	5828.64	-1749.3
10519.29	5918.6	-1779.75
10518.88	6008.42	-1810.68
10520.54	6098.04	-1842.15
10521.37	6187.83	-1873.16
10521.03	6277.9	-1903.38
10520.12	6368.45	-1932.11
10520.78	6458.09	-1960.37
10523.85	6548.34	-1989.87
10526.5	6638.73	-2018.98
10527.66	6729.38	-2047.38
10529.48	6820.18	-2075.23
10532.45	6913	-2103.26
10533.52	7004.1	-2130.16
10532.2	7094.96	-2157.85
10530.95	7184.86	-2188.54
10530.7	7273.95	-2221.5
10530.95	7362.67	-2255.46
10530.7	7450.97	-2290.51
10529.54	7538.83	-2326.63
10528.88	7626.37	-2363.52
10529.21	7713.43	-2401.56
10529.05	7800.31	-2439.97
10527.47	7887.32	-2478.07
10526.64	7974.17	-2516.56
10527.55	8060.65	-2555.88
10528.78	8145.9	-2595.45
10529.28	8232.21	-2635.15
10528.87	8318.69	-2674.47
10528.7	8405.94	-2714.51
10528.2	8491.94	-2754.88
10528.78	8576.84	-2795.2
10530.37	8664.01	-2835.38
10531.69	8750.2	-2875.3
10533.19	8836.15	-2915.74
10534.35	8922.86	-2954.53
10534.84	9010.9	-2990.19
10535.01	9100.14	-3022.76
10534.76	9191.07	-3053.54
10534.6	9280.08	-3083.75
10535.68	9370.57	-3115.8
10537.01	9460.11	-3147.51
10538.09	9549.6	-3179.37
10538.92	9638.98	-3211.55
10539.8	9725.51	-3242.79
10541.09	9811.93	-3274.33
10541.82	9840.96	-3285.18
10543.49	9895.16	-3305.77

Y	X	Z
100	-0.32	-0.34
200	-1.05	-0.98
300	-1.64	-1.51
400	-1.9	-2.1
499.99	-1.78	-2.81
599.99	-1.14	-3.46
699.99	-0.08	-3.77
799.98	1.35	-3.91
899.96	3.41	-3.5
999.91	6.02	-2.01
1099.86	8.18	0.17
1199.82	9.19	2.86
1299.76	9.16	6.41
1399.66	8.24	10.78
1499.54	6.11	15.36
1599.41	2.97	19.23
1699.31	-0.57	22.2
1799.2	-4.29	24.76
1899.11	-8.21	26.87
1999.01	-12.54	28.17
2098.89	-17.37	28.43
2198.74	-22.74	27.66
2298.56	-28.46	25.95
2398.36	-34.33	23.43
2488.09	-40.44	20.13
2558.79	-46.61	17.89
2559.78	-46.71	17.87
2652.23	-55.85	13.68
2745.75	-63.49	8.29
2838.57	-68.26	5.01
2931.51	-70.88	3.07
3025.5	-72.06	1.86
3119.49	-72.94	0.82
3212.48	-73.62	-0.1
3306.48	-73.87	-0.65
3400.48	-73.79	-0.91
3494.48	-73.79	-0.92
3587.48	-74	-0.53
3681.48	-74.17	-0.2
3776.48	-74.25	-0.16
3870.48	-73.96	-0.27
3964.48	-73.44	-0.3
4058.48	-72.99	-0.26
4152.48	-72.35	-0.38
4246.48	-71.58	-0.52
4340.48	-70.85	-0.93
4434.47	-70.14	-1.69
4528.47	-69.81	-2.32
4620.47	-70.24	-2.55
4714.46	-71.48	-2.64
4808.46	-72.77	-2.6
4902.45	-73.9	-1.95
4996.44	-75.25	-1.64
5090.43	-76.13	-2.21
5183.43	-76.32	-2.92
5276.43	-76.6	-3.63
5370.42	-77.32	-4.23
5464.42	-78.43	-4.74
5558.41	-79.81	-4.6
5652.39	-80.87	-3.36
5746.38	-81.18	-1.45
5840.36	-80.89	0.48
5933.34	-79.96	2.14
6026.32	-78.83	3.49
6121.31	-77.88	4.84
6214.3	-77.21	6.17
6308.29	-76.64	7.38
6401.28	-76.07	8.16
6495.28	-75.87	8.44
6589.28	-76.15	8.61
6683.29	-76.53	8.54
6777.29	-76.76	8.27
6871.29	-76.94	8.06
6966.29	-76.78	7.91
7059.29	-76.35	7.67
7153.29	-75.68	7.42
7246.28	-74.84	7.46
7340.28	-74.07	7.7
7433.28	-73.16	7.86
7527.27	-72.1	8.11
7621.27	-71.18	8.34
7714.26	-70.27	8.64
7808.26	-70.26	8.5
7902.25	-71.19	7.61
7996.25	-71.63	6.5
8089.24	-71.49	5.56
8183.24	-71.28	4.66
8278.24	-70.98	3.67
8372.23	-70.67	2.68
8466.23	-70.66	1.74
8560.23	-70.76	1.2
8655.23	-70.64	1.11
8748.23	-70.55	1.3
8841.23	-70.61	1.43
8936.23	-70.74	1.55
9029.23	-70.95	1.74
9123.23	-71.16	1.77
9217.23	-71.36	1.86
9311.23	-71.37	2.12
9405.23	-71.03	2.38
9500.23	-70.55	2.64
9594.23	-70.11	2.82
9687.23	-69.72	2.99
9781.23	-69.36	3.27
9874.23	-68.96	3.58
9968.23	-68.35	3.92
10056.23	-67.73	4.3
10092.23	-67.36	4.25
10122.2	-66.59	3.32
10153.01	-64.76	0.52
10183.47	-61.74	-4.36
10213.39	-57.12	-10.97
10242.71	-51.27	-19.15
10272.31	-44.43	-29.2
10300.02	-36.52	-40.59
10326.54	-27.24	-53.68
10351.77	-16.59	-68.19
10376.51	-4.11	-84.18
10399.27	9.37	-100.33
10420.73	24.04	-117.21
10441.85	39.97	-135.23
10461.43	56.43	-152.73
10479.87	74.15	-170.24
10497.66	93.33	-188.67
10513.21	112.5	-207.41
10527.47	132.33	-226.5
10540.87	152.6	-245.75
10552.57	173.5	-265.41
10562.11	195.04	-285.55
10569.22	216.78	-306.45
10574.5	239.25	-328.61
10578.85	260.72	-350.55
10581.75	275.13	-365.54
10583.17	281.96	-372.71
10586.79	300.19	-392.3
10588.21	308.89	-401.85
10589.61	329.02	-424.03
10589.03	349.13	-446.29
10585.22	414.86	-514.76
10581.57	483.81	-580
10579.33	555.99	-643.23
10579.39	627.79	-703.91
10581.51	701.01	-765.95
10584.67	773.27	-827.55
10587.35	845.68	-888.99
10588.44	920.65	-947.29
10588.35	999.13	-1000.81
10588.63	1080.04	-1050.58
10589.63	1162.52	-1097.7
10590.82	1246.23	-1142.61
10592.5	1330.1	-1187.19
10593.24	1414.66	-1230.46
10593.2	1501.17	-1269.68
10594.48	1589.44	-1304.76
10596.15	1679.33	-1335.43
10597.46	1769.85	-1364.24
10598.3	1860.6	-1392.3
10599.45	1952.78	-1419.08
10600.9	2044.16	-1445.04
10601.8	2134.53	-1470.9
10602.2	2226.67	-1497.85
10602.29	2317.64	-1525.22
10602.15	2407.58	-1552.56
10601.26	2499.37	-1580.66
10599.88	2589.08	-1608.71
10599.1	2702.01	-1642.92
10599.86	2793.31	-1669.14
10600.71	2884.7	-1695.06
10602.37	2976.07	-1721.01
10605.57	3067.31	-1747.3
10607.92	3157.5	-1773.69
10608.85	3249.56	-1800.9
10609.87	3339.48	-1828.26
10611.04	3431.24	-1856.45
10610.55	3521.49	-1882.73
10608.98	3613.91	-1908.66
10607.09	3704.58	-1933.39
10606.31	3796.46	-1957.49
10607.33	3888.53	-1980.88
10608.1	3980.48	-2004.75
10608.86	4071.97	-2030.32
10609.48	4163.22	-2056.76
10609.96	4254.41	-2083.37
10609.36	4345.58	-2110.08
10606.8	4436.8	-2136.46
10605.3	4527.83	-2163.59
10605.42	4618.27	-2192.66
10606.12	4708.24	-2223.15
10607.53	4797.74	-2254.99
10609.24	4886.78	-2288.06
10609.93	4975.87	-2321.05
10610.05	5065.06	-2353.75
10609.45	5154.44	-2385.92
10607.38	5244.11	-2417.22
10606.38	5334.01	-2447.93
10606.5	5424.46	-2476.96
10606.73	5514.39	-2504.31
10607.32	5605.34	-2531.76
10608.38	5696.2	-2559.48
10609.74	5787.03	-2587.3
10611.2	5877.8	-2615.28
10612.9	5968.5	-2643.49
10615.04	6059.13	-2671.91
10617.24	6149.87	-2699.93
10618.35	6240.74	-2727.64
10618.21	6331.48	-2755.77
10617.5	6422.16	-2784.1
10616.25	6512.89	-2812.23
10615.48	6603.55	-2840.59
10615.42	6694.02	-2869.58
10615.39	6784.38	-2898.91
10615.47	6874.67	-2928.46
10615.36	6964.93	-2958.09
10615.52	7055.11	-2987.98
10616.09	7145.11	-3018.37
10617.4	7234.56	-3050.35
10618.91	7323.76	-3082.98
10619.61	7413.34	-3114.63
10619.89	7502.23	-3145.19
10619.89	7592.19	-3175.73
10619.81	7682.11	-3206.38
10619.81	7772.37	-3236.01
10619.69	7862.99	-3264.52
10619.69	7953.56	-3293.2
10620.15	8044.01	-3322.24
10620.68	8134.52	-3351.12
10620.99	8225.05	-3379.91
10621.34	8316.53	-3409.03
10621.91	8407.09	-3437.72
10622.62	8497.6	-3466.56
10623.42	8588.12	-3495.39
10624.13	8678.72	-3523.95
10623.45	8769.35	-3552.45
10620.66	8859.91	-3581.02
10616.69	8950.69	-3608.73
10611.37	9041.61	-3635.73
10604.54	9131.38	-3662.76
10601.63	9166.67	-3673.51

Y	X	Z
25	0	0
217	-0.33	1.13
248	-0.38	1.45
342	-0.72	2.24
434.99	-0.9	2.98
527.98	0.06	3.88
621.97	1.61	5.05
714.95	3.15	6.2
808.93	4.65	6.42
901.92	5.99	5.51
994.91	7.09	4.61
1088.9	8.23	4
1181.89	9.45	3.27
1274.89	10.41	2.34
1368.88	11.26	1.17
1461.87	11.95	0.09
1555.86	12.45	-0.87
1648.86	12.99	-1.88
1741.85	13.46	-2.99
1835.84	14.07	-4.11
1928.84	14.68	-4.9
2022.84	14.87	-5.62
2116.83	14.81	-6.62
2210.83	14.79	-7.56
2214.83	14.79	-7.59
2302.83	14.67	-8.18
2396.82	15.5	-8.56
2490.75	18.95	-8.16
2584.61	24.06	-6.77
2678.46	29.02	-5.07
2772.32	33.89	-3.55
2866.19	38.75	-2.03
2960.07	43.04	-0.35
3053.97	46.97	1.57
3147.86	51.09	3.64
3241.76	54.95	5.85
3335.62	59.21	8.52
3428.43	64.26	11.57
3523.27	69.13	14.51
3615.14	73.24	17.18
3711.02	77.02	19.96
3804.93	80.36	22.45
3898.84	83.94	24.29
3992.73	88.26	25.92
4086.61	92.74	27.67
4181.51	96.86	29.17
4275.44	100.16	30.38
4369.4	102.74	31.61
4463.35	105.1	33.54
4557.27	107.84	36.53
4651.17	110.46	39.95
4746.1	113.3	42.12
4839.95	118.43	42.18
4934.7	125.38	41.97
5028.48	131.83	42.36
5122.34	136.98	42.67
5216.19	142.27	42.8
5309.97	148.59	43.25
5404.74	155.17	44.31
5498.49	161.91	45.66
5593.2	169.17	47.32
5686.97	175.47	48.86
5780.84	180.38	49.99
5875.72	185.17	50.61
5970.61	189.74	50.82
6065.54	193.24	50.72
6159.5	196.04	50.06
6253.44	199.24	49.19
6348.34	203.7	48.46
6442.2	208.82	47.93
6536.06	213.86	47.55
6629.93	218.81	47.21
6724.8	223.73	46.63
6818.69	228.37	45.91
6912.58	232.88	45.37
7007.44	238.01	45.1
7101.28	243.48	45.1
7196.14	248.6	44.61
7290.02	253.2	43.3
7383.9	257.74	41.86
7478.79	262.17	40.54
7571.66	266.84	39.06
7666.49	272.33	37.16
7760.32	277.47	34.96
7855.19	282.08	33.07
7949.04	287.11	31.61
8043.88	292.48	30.32
8137.73	297.72	29.31
8231.59	302.83	28.44
8325.41	308.5	27.31
8420.14	315.43	25.44
8514.84	322.69	23.28
8608.53	330.1	21.36
8702.24	337.3	19.81
8796.01	343.83	18.87
8890.83	349.61	18.27
8984.7	354.63	17.47
9078.56	359.64	16.5
9172.42	364.6	15.59
9267.3	369.39	14.82
9362.18	374.16	14.08
9456.07	378.63	13.25
9519.01	381.43	12.82
9549.98	382.78	12.64
9581.96	383.76	12.35
9612.95	383.41	11.74
9644.84	381.09	10.65
9675.51	376.8	9.37
9705.86	370.62	8.12
9735.89	363.05	6.87
9766.52	353.86	5.64
9795.67	343.38	4.59
9825.18	331.04	3.71
9853.18	317.74	3.66
9881.55	302.97	4.64
9908.74	288.17	6.2
9935.67	272.95	8.19
9962.04	256.87	10.8
9988.33	239	14.43
10012.68	220.28	18.62
10036.04	200.32	22.69
10059.41	178.85	26.81
10081.38	157.34	30.71
10102.79	135.21	34.29
10124.44	111.9	37.74
10144.69	88.66	41.04
10163.85	64.56	44.67
10182.07	39.84	48.86
10200.12	13.87	53.76
10216.62	-11.88	58.79
10231.76	-38.36	64.3
10245.94	-66.33	70.65
10259.02	-93.68	77.15
10272.69	-121.78	84.05
10286.32	-148.8	90.77
10300.34	-176.81	97.28
10313.82	-204.13	103.08
10327.55	-231.24	109.15
10341.79	-259.22	115.38
10355.66	-286.35	121.06
10369.72	-313.38	126.79
10383.71	-341.59	132.48
10396.73	-369.23	137.72
10409.92	-396.78	143.03
10423.82	-425.05	148.64
10437.85	-453.26	154.22
10451.57	-480.56	159.5
10465.42	-507.73	165.03
10479.29	-535.95	170.98
10492.01	-563.59	176.89
10504.61	-591.29	182.82
10517.51	-619.95	188.83
10528.96	-648.14	194.76
10539.17	-677.86	200.76
10547.37	-707.26	206.17
10553.78	-737.17	211.2
10558.95	-768.35	216.17
10563.15	-798.66	221.15
10567.03	-829.97	226.48
10570.18	-860.39	231.55
10572.1	-890.89	236.73
10572.6	-918.27	242.53
10572.57	-948.54	249.19
10572.38	-979.02	254.84
10571.95	-1009.64	259.67
10571.39	-1039.4	263.39
10571.05	-1070.22	266.76
10571.6	-1100.1	269.33
10573.14	-1130	271.15
10574.86	-1160.92	272.69
10576.09	-1190.87	273.74
10577.08	-1221.85	274.56
10576.93	-1312.8	277.06
10574.58	-1403.74	279.2
10572.23	-1494.69	281.11
10568.89	-1585.62	280.62
10566.91	-1676.56	278.15
10566.5	-1767.54	276.14
10565.48	-1858.5	273.86
10565.01	-1949.46	270.99
10565.31	-2041.43	268.78
10566.44	-2131.4	266.92
10568.49	-2223.36	265.07
10569.78	-2314.34	263.77
10570.52	-2406.34	262.9
10570.4	-2497.34	262.91
10570.04	-2588.33	262.13
10570.04	-2679.32	260.98
10568.83	-2773.31	260.69
10568.33	-2868.31	260.16
10569.11	-2966.3	259.59
10569.98	-3061.3	259.56
10570.63	-3155.3	259.83
10570.99	-3250.3	260.12
10570.96	-3344.29	260.79
10571.43	-3439.29	261.63
10573.68	-3534.26	262.31
10576.6	-3628.21	263.48
10578.22	-3723.17	265.45
10577.38	-3817.12	268.22
10576.61	-3912.07	271.4
10576.43	-4005.99	275.14
10575.1	-4100.86	279.97
10573.41	-4195.77	283.53
10572.04	-4289.76	284.32
10572.2	-4384.76	283.93
10573.72	-4478.74	283.81
10574.84	-4573.73	284.86
10574.86	-4667.71	287
10573.01	-4762.63	290.37
10570.43	-4856.55	293.14
10569.72	-4950.53	294.39
10570.57	-5045.52	295.85
10570.72	-5139.5	297.96
10570.3	-5234.49	299.07
10568.81	-5328.47	298.59
10565.65	-5422.42	298.5
10562.44	-5517.36	297.89
10561.22	-5611.34	296.48
10561.02	-5706.33	295.43
10560.94	-5800.32	293.72
10560.74	-5894.29	291.27
10559.75	-5989.26	289.26
10557.87	-6083.24	288.22
10556.79	-6178.22	287.28
10556.67	-6272.22	286.42
10555.34	-6367.21	286.44
10552.94	-6461.18	287.15
10549.77	-6555.12	286.74
10547.21	-6650.08	285.59
10545.95	-6744.05	283.67
10545.57	-6838.96	279.58
10546.25	-6932.86	275.33
10549.72	-7027.73	271.96
10555.23	-7121.51	268.65
10561.31	-7215.27	266.12
10567.51	-7310.07	265.46
10571.78	-7403.96	266.54
10573.96	-7498.91	268.65
10573.78	-7592.87	271.45
10571.92	-7687.83	273.06
10572.38	-7781.81	274.2
10574.65	-7875.75	276.51
10573.45	-7970.72	278
10569	-8064.61	279
10564.62	-8159.51	278.8
10562.73	-8253.47	277.49
10561.73	-8348.47	276.87
10559.5	-8442.44	276.86
10557.5	-8536.41	278.03
10557.36	-8631.37	280.84
10558.06	-8725.3	284.42
10557.42	-8820.13	289.98
10555.38	-8913.82	297.31
10552.37	-9007.41	305.49
10550.6	-9102.11	312.78
10551.87	-9195.94	318.31
10553.86	-9290.8	323.06
10553.41	-9384.69	327.4
10550.08	-9478.49	332.42
10544.84	-9573.17	338.23
10540.12	-9666.88	343.95
10537.39	-9761.71	348.94

Y	X	Z
25	0	0
217	-1.26	0.91
247.99	-1.74	1.21
341.97	-3.5	2.1
434.95	-5.49	1.83
465.93	-6.25	1.19
559.87	-8.76	-1.25
621.82	-10.59	-2.96
714.78	-12.39	-5.11
808.76	-12.69	-6.57
901.76	-12.55	-7.85
994.75	-12.48	-8.97
1088.75	-12.76	-9.97
1181.74	-13.39	-11.05
1274.73	-14.2	-12.21
1368.72	-15.21	-13.22
1461.71	-16.07	-14.23
1555.7	-16.65	-15.28
1648.7	-17.14	-16
1741.7	-17.39	-16.5
1835.7	-17.55	-17.15
1928.7	-17.76	-17.86
2022.7	-18.09	-18.54
2116.69	-18.64	-19.16
2210.69	-19.24	-19.68
2220.69	-19.31	-19.73
2301.69	-19.63	-19.95
2395.69	-19.85	-19.98
2489.67	-20.87	-21.54
2583.6	-22.62	-24.79
2677.52	-24.65	-28.06
2771.44	-26.97	-31.14
2865.39	-28.41	-33.78
2959.36	-28.91	-36.28
3053.32	-29.53	-39
3147.27	-30.14	-41.87
3241.23	-30.63	-44.76
3335.21	-30.54	-46.43
3429.21	-29.96	-47.01
3523.21	-29.42	-47.53
3617.21	-29.73	-48.23
3711.2	-30.79	-49.13
3805.19	-31.67	-49.99
3899.19	-32.37	-50.8
3994.18	-32.85	-51.36
4088.18	-33.12	-51.77
4182.18	-33.3	-52.11
4276.18	-33.26	-52.3
4370.18	-32.99	-52.47
4464.18	-33.69	-53.22
4559.17	-34.87	-54.32
4653.16	-35.2	-55.12
4747.16	-35.04	-55.56
4842.16	-34.55	-55.6
4936.16	-34.7	-56.02
5030.15	-36.05	-57.04
5124.13	-37.33	-58.01
5218.13	-37.67	-58.39
5313.13	-38.25	-58.7
5407.12	-39.31	-58.8
5502.12	-39.88	-58.08
5596.12	-40.59	-57.86
5691.11	-41.64	-58.48
5785.11	-42.37	-59.16
5879.1	-42.94	-59.79
5974.1	-43.28	-60.26
6069.1	-43.36	-60.58
6163.1	-43.34	-60.83
6258.1	-42.98	-60.85
6352.1	-42.45	-60.57
6447.1	-41.65	-60.07
6541.09	-40.64	-59.46
6635.09	-40.57	-59.36
6729.09	-41.09	-59.98
6823.09	-41.46	-60.55
6917.09	-42.08	-61.23
7012.08	-43.07	-62.32
7107.06	-44.63	-63.46
7201.02	-46.75	-64.92
7294.98	-48.84	-66.79
7388.95	-50.63	-68.66
7483.92	-52.39	-70.45
7576.89	-54.26	-71.66
7671.87	-56.26	-72.4
7765.85	-58.1	-73.06
7860.83	-59.77	-73.7
7954.81	-61.46	-74.5
8049.8	-62.86	-74.91
8143.8	-63.65	-75.27
8237.8	-64.24	-76.08
8332.79	-64.76	-76.95
8426.79	-65.25	-77.82
8521.78	-65.63	-78.69
8615.78	-65.86	-79.41
8709.78	-66.19	-79.95
8803.78	-66.33	-80.51
8898.78	-66.26	-81.07
8992.78	-66.2	-81.65
9086.78	-65.96	-82.04
9180.78	-65.58	-82.33
9275.78	-65.29	-82.74
9370.78	-65.05	-83.21
9448.78	-64.7	-83.61
9463.78	-64.64	-83.7
9495.78	-64.68	-83.94
9526.77	-65.23	-84.41
9557.72	-66.66	-85.27
9589.6	-69.14	-86.5
9620.37	-72.55	-88.09
9651.97	-77.11	-90.21
9682.37	-82.57	-92.81
9712.48	-89.14	-96.19
9743.18	-96.98	-100.59
9772.5	-105.62	-105.75
9801.36	-115.35	-111.56
9830.67	-126.43	-118.01
9858.61	-138.13	-124.63
9886.9	-151.18	-131.92
9913.76	-164.75	-139.36
9940.02	-179.25	-147.17
9966.47	-195.13	-155.66
9991.59	-211.12	-164.28
10016.35	-227.33	-173.5
10041.5	-244.38	-183.55
10065.37	-261.47	-193.51
10088.69	-279.12	-203.77
10111.32	-297.36	-214.56
10133.97	-316.64	-226.35
10155.41	-335.43	-238.53
10176.42	-354.32	-251.28
10197.04	-373.56	-264.16
10217.84	-393.91	-277.46
10237.44	-414.14	-290.41
10256.36	-434.74	-303.77
10275.07	-456.28	-318.26
10292.32	-477.74	-332.5
10309.27	-500.54	-347.23
10324.68	-523.07	-361.91
10339.37	-546.85	-377.5
10352.59	-570.28	-392.89
10365.14	-593.81	-408.69
10377.97	-617.89	-425.41
10390.57	-641.08	-441.68
10403.39	-664.31	-457.72
10416.33	-688.41	-474.32
10428.37	-711.92	-490.54
10440.54	-735.45	-506.64
10453.41	-759.63	-523.19
10466.41	-783.77	-539.7
10479.21	-807.19	-555.46
10492.23	-830.59	-571.08
10505.78	-854.65	-587.24
10518.43	-878.27	-602.84
10529.91	-902.31	-618.69
10540.24	-927.46	-635.56
10548.88	-952.18	-652.14
10556.83	-977.86	-669.5
10563.77	-1002.79	-686.57
10570.11	-1028.8	-704.1
10575.15	-1054.32	-720.96
10578.81	-1080.13	-737.73
10581.22	-1107.15	-754.69
10582.72	-1133.51	-770.94
10584.54	-1217.13	-822
10584.38	-1242.81	-837.5
10583.96	-1268.57	-852.88
10583.22	-1294.37	-868.16
10582.32	-1320.38	-883.1
10581.42	-1347.56	-897.97
10580.69	-1374.09	-911.95
10579.94	-1401.58	-926.27
10579.12	-1428.16	-940.15
10578.18	-1455.7	-954.35
10577.15	-1482.39	-968.02
10575.98	-1510.08	-981.89
10575.11	-1537.04	-995.04
10574.71	-1564.91	-1008.61
10574.47	-1591.91	-1021.68
10574.1	-1619.79	-1035.22
10573.76	-1646.91	-1048.05
10573.78	-1675.36	-1060.36
10574.24	-1703.16	-1071.62
10574.89	-1731.18	-1082.33
10575.77	-1760.43	-1092.55
10576.87	-1789	-1101.63
10577.99	-1817.88	-1109.67
10578.78	-1847.04	-1116.67
10578.87	-1877.38	-1123
10578.29	-1906.94	-1128.07
10577.3	-1936.67	-1131.99
10576.05	-1967.48	-1135.16
10575.06	-1997.39	-1137.28
10574.85	-2027.37	-1138.3
10575.39	-2058.36	-1138.27
10578.03	-2149.28	-1135.68
10579.87	-2240.17	-1131.49
10579.99	-2331.02	-1126.27
10579.12	-2421.78	-1119.71
10577.41	-2512.51	-1112.95
10575.29	-2604.35	-1107.97
10574.39	-2695.26	-1104.23
10574.26	-2787.19	-1100.6
10573.77	-2877.11	-1096.79
10573.16	-2972	-1092.13
10572.06	-3066.84	-1086.76
10570.35	-3160.71	-1082.26
10569.15	-3255.67	-1079.72
10568.54	-3349.65	-1077.69
10568.32	-3444.63	-1075.58
10568.22	-3539.61	-1073.61
10567.26	-3633.56	-1070.97
10567.36	-3728.5	-1067.56
10568.64	-3822.43	-1064.03
10569.61	-3917.35	-1060.33
10570.19	-4011.25	-1055.97
10570.11	-4106.09	-1050.55
10568.98	-4200.87	-1044.15
10567.06	-4294.68	-1038.53
10566.32	-4389.62	-1035.34
10566.48	-4483.59	-1032.82
10566.56	-4578.56	-1030.72
10566.51	-4672.56	-1029.58
10566.08	-4767.55	-1030.15
10565.02	-4861.52	-1032.36
10563.72	-4956.45	-1035.61
10561.72	-5049.3	-1040.4
10558.86	-5144.11	-1045.67
10558.03	-5238.02	-1049.67
10557.41	-5332.97	-1052.58
10556.1	-5426.94	-1054.61
10555.16	-5521.93	-1054.98
10555.16	-5615.93	-1055.44
10555.26	-5709.93	-1056.1
10555.04	-5804.93	-1056.1
10554.56	-5898.92	-1055.79
10553.39	-5993.91	-1054.48
10554.43	-6087.88	-1052.8
10557	-6181.84	-1051.81
10558.06	-6276.82	-1050.29
10556.67	-6370.75	-1047.01
10556.64	-6465.66	-1043.27
10558.82	-6559.54	-1039.01
10560.19	-6654.31	-1032.5
10561.02	-6747.99	-1024.85
10560.82	-6841.72	-1017.75
10560.07	-6936.56	-1012.2
10559.64	-7030.41	-1006.96
10557.7	-7125.13	-999.95
10554.67	-7218.87	-993.7
10551.64	-7312.74	-989.93
10549.86	-7407.7	-987.88
10549.46	-7501.69	-986.71
10548.33	-7596.66	-984.48
10548.83	-7690.61	-981.87
10551.23	-7785.54	-979.15
10552.08	-7879.45	-975.18
10551.9	-7974.34	-970.49
10552.3	-8068.19	-965.17
10551.95	-8161.98	-958.99
10551.37	-8256.9	-955.65
10551.55	-8350.89	-954
10550.7	-8445.79	-949.79
10548.78	-8539.61	-944.25
10545.95	-8633.37	-938.17
10543.34	-8728.09	-931.43
10542.48	-8821.81	-924.23
10541.38	-8916.53	-917.03
10540.31	-9010.25	-909.83
10539.18	-9104.9	-901.8
10537.61	-9198.51	-893.42
10538.36	-9292.1	-884.71
10540.2	-9386.59	-875.05
10540.74	-9479.99	-864.51
10540.29	-9573.3	-853.08
10539.83	-9667.52	-840.96
10538.57	-9760.73	-828.87
10536.55	-9855.04	-817.65
10535.42	-9948.45	-807.18
10535.42	-10043	-798
10536.32	-10137.78	-791.67
10537.23	-10231.73	-788.9
10537.82	-10326.69	-791.25
10537.69	-10420.55	-796.34
10536.57	-10515.35	-802.47
10535.5	-10610	-810.46
10534.71	-10667.74	-815.93

Y	X	Z
0	0	0
141	-0.29	-0.7
233.99	-0.51	-1.58
330.99	-0.55	-2.33
425.99	-0.62	-3.03
518.98	-0.39	-3.63
612.98	-0.05	-4.22
707.98	0.26	-5.03
801.98	0.63	-5.68
895.97	1.04	-5.66
989.97	1.53	-5.21
1083.97	1.84	-4.75
1177.97	2.23	-4.36
1270.97	2.57	-3.94
1364.96	2.88	-3.38
1458.96	3.29	-3.03
1552.96	3.77	-2.8
1641.96	4.32	-2.54
1731.96	4.61	-2.37
1821.96	4.8	-2.21
1910.96	5.04	-2.08
2000.96	5.19	-2.25
2169.96	5.14	-2.43
2259.95	4.9	-1.99
2304.95	4.67	-1.8
2349.95	4.26	-1.84
2393.95	3.63	-2.11
2438.93	2.63	-2.64
2483.9	1.24	-3.48
2528.84	-0.5	-4.92
2573.75	-2.53	-7.03
2617.63	-4.71	-9.46
2662.48	-7.05	-12.21
2707.32	-9.4	-15.23
2752.13	-11.79	-18.54
2796.92	-14.33	-22.14
2841.67	-17.01	-26.01
2885.4	-19.69	-30.05
2930.1	-22.51	-34.42
2974.76	-25.47	-39.05
3019.39	-28.57	-43.96
3063.98	-31.84	-49.07
3108.53	-35.33	-54.37
3152.03	-39.06	-59.85
3196.45	-43.15	-65.72
3240.81	-47.47	-71.92
3285.1	-51.96	-78.53
3328.34	-56.36	-85.39
3416.75	-65.05	-99.82
3505.24	-73.18	-114.03
3592.85	-80.72	-127.78
3681.57	-87.75	-141.16
3769.34	-95.04	-154.02
3857.97	-103.59	-167.07
3945.63	-112.33	-179.74
4034.25	-121.18	-192.73
4122.69	-130.3	-206.65
4210.04	-139.15	-221.26
4298.5	-147.54	-235.57
4386.2	-155.42	-248.51
4475.04	-162.95	-260.75
4562.98	-169.97	-272.49
4651.77	-177.03	-285.39
4739.35	-184.26	-299.49
4827.82	-192.44	-313.85
4915.37	-201.22	-327.24
5004.1	-209.9	-339.54
5092.9	-218.93	-351.05
5180.41	-229.1	-363.65
5267.53	-240.24	-378.04
5355.53	-251.93	-392.87
5443.6	-263.74	-407.14
5530.79	-275.41	-420.64
5618.2	-286.45	-433.24
5706.8	-296.95	-445.07
5795.56	-306.83	-456.19
5883.44	-315.31	-467.42
5972.32	-322.9	-479.39
6060.13	-330.31	-491.82
6148	-337.4	-504.07
6236.93	-344.39	-515.94
6325.54	-352.52	-529.46
6412.92	-361.13	-543.97
6501.4	-369.54	-558.15
6588.95	-377.75	-571.89
6677.47	-386.15	-585.81
6765	-394.55	-599.52
6853.54	-402.91	-613.33
6941.1	-411.01	-627.12
7029.66	-419.1	-640.95
7117.33	-426.85	-654.15
7206.12	-434	-667.03
7293.64	-441.39	-681.36
7381.77	-449.44	-697.74
7470.06	-457.49	-713.17
7557.63	-465.38	-726.98
7646.33	-472.83	-740.26
7734.28	-479.35	-752.22
7823.29	-486.16	-763.67
7912.04	-494.31	-776.18
7999.7	-502.67	-789.12
8087.42	-511	-801.64
8176.18	-519.31	-813.98
8265.03	-527.07	-826.04
8352.69	-535.44	-838.94
8441.09	-544.75	-853.03
8528.61	-553.75	-866.44
8617.27	-562.46	-879.22
8705.13	-570.25	-891.11
8794.13	-577.3	-902.44
8882.28	-583.66	-912.96
8971.5	-589.68	-923.1
9059.79	-595.44	-932.79
9149.09	-601.12	-942.4
9237.43	-606.68	-951.71
9326.81	-612.12	-960.7
9416.26	-617.36	-969.21
9504.74	-622.45	-977.34
9594.35	-626.89	-984.3
9683.15	-630.31	-989.13
9773.05	-632.84	-992.55
9862.02	-633.86	-994.43
9929.02	-633.86	-995.19
9977.02	-633.57	-995.75
10021.84	-630.11	-996.61
10065.67	-620.21	-997.86
10107.63	-604.06	-998.21
10147.48	-585.42	-997.48
10187.45	-564.75	-997.42
10226.28	-542.06	-998.62
10263.72	-517.16	-1000.28
10297.87	-489.54	-1002.43
10329.29	-457.62	-1006.4
10356.27	-422.12	-1012.24
10378	-383.23	-1018.28
10395.11	-343.05	-1023.55
10410.15	-300.89	-1028.18
10421.82	-257.6	-1031.75
10428.37	-213.21	-1034.67
10429.36	-199.27	-1035.41
10432.09	-150.38	-1037.23

Y	X	Z
0	0	0
141	-0.08	0.11
234	-0.43	0.24
331	-1	0.5
426	-1.29	0.99
518.99	-1.48	1.72
612.99	-1.76	2.5
707.99	-2.22	3.1
801.98	-2.74	3.61
895.98	-2.77	4.51
989.97	-2.37	4.89
1083.97	-1.76	4.1
1177.96	-1	3.1
1270.96	-0.35	2.37
1364.95	0	1.85
1458.95	0.03	1.32
1552.95	-0.04	0.93
1641.95	-0.05	0.79
1731.95	0.06	0.76
1821.95	0.23	0.57
1910.95	0.21	0.19
2000.95	-0.25	-0.24
2087.94	-0.92	-0.81
2132.94	-1.31	-1.01
2176.94	-1.73	-0.85
2221.94	-2.1	-0.74
2266.93	-2.33	-1.35
2311.91	-2.69	-2.74
2356.84	-3.38	-5.09
2400.72	-4.31	-8.13
2445.56	-5.48	-11.8
2490.36	-6.7	-15.88
2535.13	-7.97	-20.17
2578.86	-9.34	-24.88
2623.51	-10.86	-30.23
2668.13	-12.33	-35.89
2712.69	-13.76	-42.03
2757.16	-15.36	-48.71
2801.54	-17.25	-55.9
2844.83	-19.34	-63.48
2889.01	-21.62	-71.72
2933.07	-24.05	-80.53
2977.04	-26.8	-89.71
3020.91	-30.01	-99.2
3087.89	-35.25	-114.94
3131.42	-38.68	-125.81
3174.9	-42.38	-136.79
3218.29	-46.39	-148.01
3261.57	-50.61	-159.6
3347.05	-58.17	-183.2
3433.42	-65.06	-207.55
3518.93	-71.99	-231.24
3605.59	-79.89	-254.18
3692.34	-88.8	-276.45
3778.22	-97.23	-298.22
3865.18	-105.4	-319.93
3951.01	-113.2	-342.15
4037.33	-121.93	-366.04
4122.75	-131.53	-389.1
4209.19	-141.48	-412.1
4295.56	-151.11	-435.49
4381.29	-159.39	-457.91
4468.13	-167.51	-480.14
4553.68	-176.16	-503.08
4639.72	-185.78	-527.67
4724.46	-197.08	-552.4
4810.53	-209.21	-575.72
4896.04	-219.33	-598.21
4982.34	-228.27	-622.11
5067.89	-236.31	-645.31
5154.05	-244.86	-669.83
5239.43	-255.51	-696.25
5323.83	-266.86	-722.11
5409.56	-278.38	-746.96
5494.73	-289.35	-770.31
5580.31	-297.96	-793.15
5666.91	-304.52	-816.76
5753.41	-311.07	-840.74
5839.05	-318.58	-863.75
5925.65	-327.74	-886.5
6011.66	-336.12	-907.76
6098.98	-343.82	-928.16
6185.15	-351.7	-948.95
6271.78	-359.19	-972.15
6356.93	-366.94	-996.84
6442.87	-374.02	-1022.62
6527.56	-380.04	-1049.31
6589.26	-385.02	-1069.13
6673.49	-394.12	-1096.37
6758.66	-404.8	-1123.46
6843.03	-415.24	-1149.78
6928.48	-426.52	-1175.66
7013.32	-437.82	-1200.07
7099.66	-447.65	-1223.49
7185.45	-456.31	-1245.53
7272.36	-465.01	-1267.22
7358.39	-473.71	-1288.33
7445.5	-482.5	-1309.15
7532.61	-490.82	-1330.17
7618.73	-498.49	-1351.28
7706.09	-505.34	-1371.79
7792.85	-511.03	-1390.83
7880.52	-516.59	-1410.36
7967.26	-523.27	-1433.37
8056.11	-531.34	-1459.64
8142.14	-539.21	-1484.87
8227.21	-547.26	-1509.77
8313.19	-555.88	-1534.93
8398.38	-564.07	-1559.34
8484.89	-571.82	-1582.91
8571.61	-579.16	-1605.86
8657.67	-585.76	-1627.55
8744.12	-592.06	-1647.73
8831.43	-598.71	-1668.51
8917.28	-605.73	-1690.89
9003.76	-613.05	-1714.74
9089.36	-620.17	-1738.04
9175.52	-627.94	-1762.83
9260.27	-636.37	-1788.65
9346.14	-644.88	-1814.25
9432.19	-652.86	-1839.36
9517.5	-660.29	-1863.63
9604.17	-667.12	-1886.86
9691.01	-673.41	-1909.68
9777.13	-679	-1931.42
9863.63	-684.05	-1951.72
9885.03	-685.34	-1956.67
9964.64	-686.67	-1976.17
10007.29	-682.22	-1989.61
10048.6	-673.58	-2005.22
10088.97	-663.86	-2019.75
10130.43	-652.57	-2033.11
10171.54	-638.58	-2044.87
10211.98	-621.13	-2053.98
10250.45	-600.81	-2060.41
10287.9	-576.56	-2066.16
10322.21	-548.09	-2071.99
10352.49	-515.32	-2077.63
10377.58	-479.55	-2082.51
10398.39	-439.92	-2086.85
10414.47	-398.19	-2091.61
10425.61	-354.99	-2097.31
10432.02	-311.87	-2103.16
10435.37	-267.26	-2107.97
10436.77	-234.39	-2110.51
10438.37	-175.53	-2114.15

Y	X	Z
0	0	0
141	-0.05	-0.51
234	-0.09	-1.23
330.99	-0.24	-1.91
425.99	-0.62	-2.42
518.99	-1.21	-2.96
612.98	-1.9	-3.47
707.98	-2.59	-4.08
801.97	-3.14	-4.87
895.97	-3.13	-5.62
989.97	-2.63	-6.49
1083.96	-2.22	-7.23
1177.96	-1.98	-7.07
1270.96	-1.73	-6.28
1364.95	-1.52	-5.57
1458.95	-1.19	-4.71
1552.94	-0.53	-3.63
1641.93	0.03	-2.55
1731.93	0.55	-1.7
1821.92	1.14	-1.09
1910.92	1.65	-0.46
2000.92	2.06	0.06
2099.91	2.53	0.72
2125.91	2.69	0.95
2169.91	2.92	1.43
2214.9	3.12	1.96
2259.9	3.3	2.51
2304.9	3.33	2.98
2349.9	3.09	3.25
2393.9	2.79	3.33
2438.89	2.31	3.28
2483.88	1.49	2.88
2528.86	0.41	1.9
2573.81	-0.95	0.34
2617.73	-2.58	-1.77
2662.61	-4.39	-4.43
2707.47	-6.14	-7.52
2752.29	-7.86	-11.14
2797.06	-9.62	-15.34
2841.78	-11.45	-20.04
2885.46	-13.22	-25.01
2930.09	-15.11	-30.45
2974.67	-17.15	-36.23
3019.2	-19.33	-42.39
3063.67	-21.72	-48.82
3108.09	-24.27	-55.56
3151.46	-26.84	-62.49
3195.78	-29.59	-69.82
3239.97	-32.74	-77.68
3284.11	-36.07	-85.81
3327.26	-39.33	-93.75
3371.32	-42.83	-102.19
3415.33	-46.37	-110.89
3459.29	-50.03	-119.79
3503.2	-53.87	-128.85
3546.09	-57.75	-137.88
3589.91	-61.8	-147.3
3633.66	-66.01	-156.92
3677.34	-70.43	-166.82
3720.93	-75.01	-177
3763.49	-79.55	-187.2
3807.01	-84.23	-197.64
3850.52	-89.16	-208.01
3894	-94.32	-218.39
3936.51	-99.48	-228.53
4023.35	-109.92	-249.73
4110.03	-119.98	-271.74
4195.79	-129.59	-293.52
4281.66	-138.87	-314.99
4368.59	-148.17	-336.37
4455.46	-157.74	-357.88
4540.98	-167.41	-380.51
4627.46	-176.91	-403.56
4713.22	-186.04	-425.52
4799.85	-195.36	-448.09
4885.51	-204.47	-470.44
4972.06	-214	-493.2
5058.68	-223.64	-515.65
5144.66	-232.48	-536.86
5230.14	-241.47	-559.92
5315.87	-251.5	-585.41
5401.67	-261.94	-610.51
5486.69	-272.43	-634.64
5572.08	-282.7	-657.52
5658.75	-292.95	-679.51
5745.16	-303.93	-702.15
5830.64	-314.96	-724.34
5917.22	-325.9	-746.32
6003.34	-335.66	-766.54
6089.97	-344.04	-785.12
6177.18	-351.92	-805.89
6263.73	-360.06	-829.17
6348.84	-369.44	-853.46
6434.98	-379.78	-877.37
6520.11	-390.55	-900.98
6605.74	-401.9	-926.25
6690.32	-413.43	-951.45
6775.89	-425.45	-976.6
6860.54	-437.62	-1001.23
6946	-450.39	-1026.41
7030.44	-463.1	-1051.51
7115.89	-475.73	-1076.76
7200.46	-488.06	-1101.62
7286.09	-499.78	-1126.69
7372.01	-510.24	-1151.38
7457.26	-519.71	-1175.1
7543.82	-528.64	-1198.09
7629.76	-537.04	-1219.63
7716.8	-544.86	-1241.13
7803.79	-551.9	-1263.1
7889.48	-559.98	-1285.74
7975	-569.47	-1308.49
8061.58	-579.21	-1331.06
8148.17	-588.89	-1353.61
8233.95	-598.12	-1375.47
8320.78	-607.45	-1397.22
8406.8	-616.65	-1418.13
8494.08	-625.63	-1438.14
8580.68	-634.26	-1456.77
8668.57	-642.44	-1474.34
8755.85	-649.73	-1490.16
8844.49	-656.04	-1504.38
8932.39	-661.49	-1517.22
9021.36	-666.87	-1529.67
9109.38	-672.08	-1541.76
9198.41	-677.27	-1553.91
9287.54	-681.9	-1565.44
9331.18	-683.77	-1570.79
9375.85	-685.35	-1575.96
9420.58	-686.6	-1580.74
9465.36	-687.63	-1585.08
9510.18	-688.45	-1588.95
9554.05	-688.97	-1592.28
9598.96	-689.2	-1595.09
9643.91	-689.15	-1597.3
9687.87	-688.93	-1599.06
9732.85	-688.76	-1600.58
9822.83	-688.68	-1602.36
9912.82	-688.71	-1603.34
9975.82	-688.66	-1604.01
10027.81	-688.01	-1604.44
10072.66	-684.57	-1604.3
10116.88	-676.41	-1603.57
10159.97	-663.56	-1602.53
10201.45	-646.19	-1601.51
10239.92	-624.91	-1600.64
10276.68	-599.02	-1599.33
10310.74	-569.72	-1596.95
10343.33	-538.84	-1593.87
10373.84	-507.31	-1590.86
10401.64	-472.06	-1588.15
10425.26	-433.83	-1586.25
10446.38	-394.11	-1585.06
10465.49	-353.41	-1583.6
10481.38	-312.44	-1581.54
10494.04	-269.32	-1579.69
10501.4	-225.98	-1579.24
10504.01	-185.08	-1580.22

Y	X	Z
0	0	0
141	0.24	0.1
234	0.61	0.32
331	1	0.86
425.99	1.31	1.55
518.99	1.66	2.1
612.99	2.24	2.35
707.98	3.14	2.51
801.98	4.29	2.73
895.96	5.95	2.86
989.95	7.2	2.97
1083.95	7.34	3.08
1177.95	6.86	3.31
1270.95	5.89	3.35
1364.94	4.8	3.17
1458.93	3.68	3.02
1552.92	2.4	2.61
1641.91	1.09	1.65
1731.89	-0.42	0.46
1821.87	-2.14	-0.39
1910.85	-3.88	-1.15
2000.82	-5.83	-2.11
2080.79	-7.79	-2.89
2170.74	-10.64	-3.62
2259.67	-14.18	-4.25
2349.6	-17.78	-4.6
2394.57	-19.47	-4.5
2439.53	-21.18	-3.84
2484.47	-23.1	-2.62
2528.39	-25.15	-0.9
2573.28	-27.34	1.37
2618.13	-29.62	4.21
2662.92	-32.01	7.75
2707.65	-34.65	11.94
2751.32	-37.47	16.56
2795.97	-40.38	21.36
2840.62	-43.13	26.21
2885.23	-45.95	31.42
2929.77	-49.01	37.04
2973.27	-52.16	42.81
3017.74	-55.47	48.86
3062.22	-58.74	54.89
3106.7	-61.97	60.87
3151.17	-65.33	66.92
3195.61	-68.78	73.04
3239.05	-72.33	79.11
3283.43	-76.21	85.46
3327.74	-80.39	92.06
3371.99	-84.86	98.95
3415.19	-89.56	105.84
3459.29	-94.79	113.14
3503.27	-100.29	120.91
3591.13	-111.27	137.03
3678.13	-121.76	152.57
3766.26	-131.98	167.67
3853.68	-141.42	181.48
3942.11	-150.8	195.34
4029.48	-160.24	209.4
4117.73	-170.26	223.91
4204.75	-180.91	239.24
4292.76	-191.67	254.69
4381.05	-201.46	269.13
4468.44	-210.06	283.63
4556.46	-219.04	300.09
4643.33	-228.54	316.94
4731.46	-237.65	332.8
4818.93	-245.84	347.03
4907.49	-254.77	360.32
4995.03	-264.65	372.93
5083.71	-274.01	385.11
5171.28	-283.52	397.81
5259.59	-293.59	411.99
5346.84	-303.67	426.32
5435	-314.73	440.67
5523.14	-326.03	454.93
5610.45	-336.63	468.54
5697.94	-346.26	481.72
5786.57	-355.07	494.65
5875.38	-363.63	506.45
5963.25	-372.75	517.3
6052.22	-382.02	527.16
6140.24	-391.11	536.72
6228.04	-400.62	547.76
6316.56	-410.71	560.48
6404.95	-421.07	573.85
6492.5	-430.75	586.65
6580.84	-440.91	600.5
6667.84	-451.97	615.63
6755.75	-463.23	631.26
6842.7	-474.48	646.61
6929.55	-486.21	662.1
7017.44	-497.95	677.47
7105.55	-509.23	691.96
7192.71	-520.26	706.21
7280.81	-530.98	721.14
7368.92	-541.29	736.33
7456.08	-551.66	751.06
7544.31	-562.25	765.29
7631.65	-572.55	778.93
7720.29	-582.15	791.17
7808.39	-590.23	800.91
7897.64	-597.58	809.85
7986.16	-603.59	816.71
8075.96	-607.59	821.26
8165.87	-609.92	824.38
8254.85	-611.14	825.65
8344.85	-611.23	825.45
8433.84	-610.47	824.63
8523.83	-609.6	823.96
8612.83	-608.7	823.36
8701.82	-607.85	822.78
8791.82	-607.1	822.43
8881.82	-606.57	822.32
8970.81	-606.16	822.15
9060.81	-605.14	821.52
9149.78	-603.33	820.42
9239.75	-601.32	819.42
9329.73	-599.37	818.62
9418.7	-597.5	817.94
9507.68	-595.64	816.94
9597.64	-593.67	815.2
9687.6	-591.73	813.43
9776.57	-589.95	812.11
9866.55	-588.2	811.11
9955.53	-586.49	810.28
9998.52	-585.74	809.92
10045.51	-584.82	809.56
10089.42	-582.11	809.03
10133.98	-576.04	807.85
10177.99	-566.92	805.88
10221.2	-554.57	803.7
10244.76	-546.3	802.45
10286.01	-528.63	799.42
10325.23	-507.03	795.16
10360.97	-481.86	790.36
10394.2	-451.98	785.32
10423.17	-418.09	779.56
10447.34	-380.78	772.71
10467.22	-341.19	764.94
10482.07	-300.66	756.56
10492.78	-257.87	747.69
10499.31	-214.09	739.78
10502.22	-169.58	733.83
10503.13	-133.81	729.91
10503.86	-60.32	721.31
10503.86	31.93	709.52
10502.92	123.09	697.16
10501.51	214.16	684.18
10500.13	304.24	671.32
10498.73	395.15	657.3
10498.73	485.7	641.1
10499.82	576.97	623.29
10500.64	668.08	604.63
10501.04	757.07	585.61
10501.58	847.03	566.38
10501.89	939.95	546.61
10501.91	1033.11	528.01
10502.77	1125.52	510.84
10502.9	1218.9	493.39
10503.86	1311.3	476.17
10506.26	1404.64	458.63
10507.8	1497.02	441.31
10507.61	1590.44	424.11
10507.28	1683.1	408.28
10508.41	1775.87	393.16
10508.8	1869.56	377.51
10509.48	1963.25	361.8
10511.64	2055.91	346.13
10513.23	2148.49	329.96
10513.93	2241.92	312.75
10514.68	2335.24	295.01
10516.04	2428.61	277.51
10517.08	2520.95	259.97
10516.41	2614.19	241.77
10515.25	2706.46	223.86
10513.58	2799.49	204.73
10510.05	2891.47	185.69
10506.08	2983.93	169.23
10504.98	3077.83	154.99
10505.07	3171.89	141.68
10504.17	3266.02	128.88
10504.24	3359.26	116.96
10506.14	3452.67	106.61
10508.9	3547.14	97.01
10510.14	3641.57	86.71
10510.77	3735.82	74.82
10512.8	3829.76	60.85
10515.22	3923.54	45.9
10516.48	4016.36	31.09
10516.53	4109.08	15.66
10517.13	4202.72	-0.35
10517.64	4295.37	-16.2
10517.67	4388.93	-32.66
10519.5	4482.47	-49.18
10521.86	4575.93	-66
10523.08	4678.15	-85.12
10522.95	4730.22	-95.02

Y	X	Z
0	0	0
141	0.14	0.46
234	0.36	0.91
331	0.76	1.19
425.99	1.21	1.5
518.99	1.6	1.99
612.99	2.36	2.44
707.98	3.63	2.55
801.97	4.85	2.28
895.96	5.9	1.96
989.96	6.46	1.3
1083.95	6.08	0.06
1177.93	4.86	-1.47
1270.9	3.07	-3.18
1364.88	1.65	-4.55
1458.87	0.83	-5.41
1552.85	-0.61	-5.92
1641.83	-2.5	-5.72
1731.81	-4.25	-4.75
1821.79	-5.95	-3.55
1910.76	-7.76	-2.57
2000.75	-9.08	-1.89
2114.74	-10.06	-1.14
2181.73	-10.89	-0.4
2226.72	-11.6	0.4
2271.7	-12.4	1.48
2316.67	-13.31	2.85
2361.63	-14.29	4.58
2405.57	-15.22	6.66
2450.48	-16.21	9.21
2495.37	-17.41	12.1
2540.24	-18.85	15.32
2585.07	-20.54	18.83
2629.87	-22.45	22.59
2673.65	-24.41	26.54
2718.38	-26.48	30.96
2763.08	-28.62	35.75
2807.74	-30.67	40.88
2852.37	-32.56	46.28
2895.98	-34.29	51.85
2940.54	-36.1	57.83
2985.09	-38.03	63.91
3029.62	-39.97	70.09
3074.12	-41.9	76.51
3118.59	-43.93	83.12
3162.03	-46.04	89.75
3206.42	-48.27	96.82
3250.77	-50.64	104.07
3295.11	-53.09	111.35
3338.44	-55.44	118.61
3382.72	-57.75	126.27
3426.98	-59.88	134.13
3471.2	-62.15	142.16
3515.37	-64.85	150.32
3558.51	-67.81	158.45
3602.57	-71.09	167
3646.59	-74.43	175.71
3690.56	-77.81	184.67
3734.43	-81.38	194.04
3777.24	-84.98	203.55
3820.98	-88.62	213.47
3864.72	-92.14	223.45
3908.45	-95.53	233.5
3951.16	-98.84	243.55
3994.77	-102.36	254.08
4038.29	-106.23	264.83
4125.24	-114.51	286.55
4211.4	-122.4	307.4
4298.57	-130.16	328.4
4384.91	-137.49	348.71
4472.4	-144.47	368.65
4558.75	-151.43	389.03
4645.79	-159.02	410.63
4731.52	-167.31	433.02
4818.29	-175.64	455.42
4904.49	-183.36	476.19
4991.59	-191.6	497.27
5078.64	-200	518.53
5164.92	-207.88	538.9
5251.15	-215.45	559.6
5338.29	-222.58	580.94
5425.47	-229.3	602.25
5511.62	-235.44	623.73
5597.95	-240.99	644.65
5685.33	-247.06	665.34
5772.7	-253.37	685.96
5859.18	-259.52	706.09
5946.44	-266.61	726.95
6033.01	-273.52	746.37
6119.97	-279.48	764.36
6207.95	-285.12	782.47
6295.81	-291.13	801.03
6382.21	-298.41	821.1
6469.18	-306.72	842.71
6555.06	-315.14	864.49
6641.77	-323.64	887.07
6727.42	-331.83	909.83
6814.29	-339.58	932.02
6900.44	-346.86	953.13
6987.48	-354.04	974.86
7073.53	-361.04	996.48
7160.58	-368.23	1018.18
7246.58	-374.99	1040.07
7333.61	-381.86	1061.95
7420.78	-389.04	1083.15
7507.05	-395.81	1103.98
7594.34	-402.41	1124.88
7680.78	-408.87	1145.06
7768.51	-414.92	1164.19
7856.38	-421.03	1182.65
7943.1	-428.11	1201.39
8030.38	-436.73	1221.59
8116.37	-446.05	1242.53
8203.33	-455.36	1263.78
8289.34	-464.64	1284.71
8376.36	-474	1305.66
8462.54	-483.14	1325.93
8549.79	-492.26	1346.02
8636.27	-500.8	1365.23
8724.09	-508.75	1383.26
8811.23	-516.04	1399.84
8899.58	-522.94	1415.49
8987.07	-529.6	1430.44
9075.53	-536.26	1445.59
9163.02	-542.87	1460.55
9251.62	-549.12	1475.05
9296.01	-551.84	1481.93
9340.45	-554.24	1488.55
9383.97	-556.33	1494.72
9428.51	-558.22	1500.83
9473.11	-559.74	1506.65
9517.78	-561.01	1511.91
9562.51	-562.03	1516.69
9606.3	-562.73	1520.97
9651.12	-563.31	1524.92
9695.98	-563.9	1528.36
9739.89	-564.44	1531.11
9784.84	-564.78	1533.26
9829.82	-564.85	1534.58
9874.82	-564.83	1535.23
9888.82	-564.81	1535.37
9932.81	-564.17	1535.57
9977.56	-560.1	1534.15
10021.33	-550.47	1530.46
10063.6	-535.93	1525.43
10104.9	-518.97	1519.83
10144.58	-500.84	1514.18
10183.41	-478.94	1508.17
10219.72	-453.35	1501.12
10252.15	-424.95	1492.39
10282.88	-393.86	1481.74
10312.18	-361.8	1469.99
10338.45	-327.53	1457.44
10360.33	-290.22	1445.11
10378.67	-251.57	1434.86
10395.07	-210.64	1425.88
10407.39	-168.38	1416.71
10416.01	-125.32	1406.92
10421.4	-84.86	1397.06
10426.2	10.89	1372.44
10427.71	70.9	1356.97
10431.02	160.01	1334.31
10433.3	249.4	1312.7
10434	337.99	1291.9
10433.57	427.44	1270.4
10432.95	516.67	1248.01
10433.01	606.52	1224.04
10433.61	696.14	1199.18
10433.82	783.83	1174.87
10433.37	872.36	1149.85
10432.26	963.56	1123.27
10433.2	1054.79	1096.84
10436.53	1145.08	1070.9
10438.56	1236.59	1045.48
10438.72	1327.83	1022.89
10438.11	1420.44	1001.7
10437.43	1512.02	980.56
10437.78	1604.52	958.9
10439.26	1695.92	936.99
10440.79	1787.39	915.39
10442.47	1880.04	894.44
10442.6	1972.93	874.6
10440.94	2064.98	855.63
10439.47	2156.85	835.78
10437.25	2249.54	815.06
10435.67	2342.21	794.22
10435.66	2434.73	772.67
10435.9	2526.05	750.4
10436.26	2618.17	727.17
10436.67	2709.11	703.39
10437	2800.84	678.69
10437.02	2891.41	653.54
10438.2	2981.79	627.75
10440.44	3073.33	602.43
10440.91	3165.18	578.21
10439.52	3257.06	554.1
10438.45	3348.25	531.3
10437.88	3439.56	509
10438.18	3531.66	485.72
10439.28	3623.61	461.85
10440.09	3715.4	437.38
10440.76	3807.09	412.53
10440.63	3898.66	387.25
10440.45	3989.31	362.38
10441.08	4080.08	337.97
10441.44	4171.73	312.95
10442.06	4261.97	286.67
10442.64	4352.82	258.9
10442.95	4444.33	233.44
10443.22	4536.69	211.18
10442.27	4628.2	189.73
10440.98	4707.9	170.48
10440.4	4759.35	157.76

Y	X	Z
0	0	0
141	-0.24	-0.09
234	-0.49	-0.11
331	-0.86	-0.3
426	-1.22	-0.64
519	-1.25	-0.75
613	-1.09	-0.83
707.99	-0.68	-1.28
801.99	-0.07	-1.71
895.99	0.5	-2.04
989.98	1.3	-2.43
1083.98	2.19	-2.68
1177.98	2.62	-2.97
1270.98	2.47	-3.17
1364.98	2.09	-3.41
1458.97	1.7	-3.92
1552.97	1.09	-4.54
1641.97	0.36	-5.01
1731.96	-0.03	-5
1821.96	0.34	-4.68
1910.96	0.89	-4.44
2000.96	1.16	-4.38
2147.95	2.48	-3.35
2192.94	3.21	-2.67
2237.93	3.85	-1.98
2281.92	4.28	-1.28
2326.91	4.44	-0.54
2371.91	4.25	0.25
2416.89	3.5	1.06
2461.86	2.11	1.74
2505.83	0.3	2.17
2550.77	-1.89	2.47
2595.7	-4.43	2.71
2640.6	-7.34	2.82
2685.49	-10.6	2.82
2729.33	-14.32	2.7
2774.1	-18.82	2.6
2818.8	-24.03	2.59
2863.44	-29.72	2.7
2908.04	-35.63	3.18
2951.63	-41.63	3.98
2996.17	-47.97	4.91
3040.65	-54.67	6.09
3085.09	-61.57	7.56
3129.53	-68.49	9.15
3172.94	-75.48	10.66
3217.32	-82.77	12.17
3261.68	-90.19	13.79
3350.29	-105.47	17.59
3438.9	-120.65	21.83
3526.63	-134.97	26.14
3615.35	-149.36	30.89
3702.93	-164.28	36.14
3791.39	-179.82	41.92
3878.87	-195.18	47.64
3967.44	-210.28	52.85
4055.15	-224.61	57.67
4143.92	-238.75	62.01
4231.65	-253.12	66.29
4320.41	-267.24	71.03
4459.73	-287.72	78.09
4497.27	-293.41	79.65
4585.98	-308.25	82.91
4673.49	-324.06	86.5
4762.05	-339.54	90.49
4849.86	-353.36	94.98
4938.6	-367.64	99.52
5026.13	-383.19	103.7
5114.63	-398.99	107.95
5202.19	-414.33	112.3
5290.75	-429.61	117.23
5379.42	-444.09	122.45
5467.11	-458.37	127.72
5554.83	-472.37	133.11
5643.66	-485.87	138.45
5732.46	-499.69	143.26
5820.36	-513.12	147.03
5909.33	-526.39	149.97
5997.25	-539.85	152.8
6086.09	-553.9	155.98
6174.04	-567.22	158.97
6263.27	-578.64	161.73
6351.65	-588.72	164.44
6440.08	-598.51	166.87
6529.58	-607.83	168.76
6619.19	-615.99	170.23
6707.98	-621.91	171.71
6797.9	-625.33	172.62
6886.89	-626.96	172.6
6976.88	-627.9	172.19
7065.88	-628.69	171.66
7155.87	-629.6	171.26
7244.87	-630.57	170.9
7334.86	-631.48	170.68
7423.86	-632.26	170.65
7513.85	-632.99	170.81
7603.85	-633.67	171.34
7692.84	-634.27	172.19
7782.84	-635.04	173.15
7871.83	-636.07	173.98
7961.82	-637.3	174.65
8050.81	-638.07	174.94
8140.81	-638.23	174.75
8230.81	-638.21	174.47
8319.81	-638.08	174.25
8409.81	-638	174.06
8498.81	-637.83	173.82
8588.81	-637.48	173.52
8677.81	-637.27	173.28
8767.81	-637.33	173.18
8856.81	-637.57	173.18
8946.81	-637.87	173.1
9035.81	-638.08	172.86
9125.8	-638.22	172.31
9214.8	-638.06	171.82
9304.8	-637.43	171.67
9393.8	-636.76	171.51
9483.79	-636.03	171.31
9573.79	-635.19	171.13
9662.79	-634.38	170.94
9752.78	-633.5	170.42
9841.77	-632.71	169.76
9881.77	-632.46	169.53
9909.77	-632.29	169.36
9954.73	-630.56	169.19
9999.28	-624.44	169.19
10042.55	-612.24	169.28
10084.09	-594.98	168.6
10122.93	-574.5	166.21
10161.05	-550.89	162.45
10197.61	-525.05	157.97
10232.07	-496.57	152.95
10263.87	-465.2	147.69
10292.22	-431.93	142.71
10318.11	-395.41	138.26
10340.84	-356.76	134.63
10361.39	-316.89	131.09
10379.08	-276.79	127.29
10394.31	-234.72	122.56
10407.11	-191.85	117.77
10417.42	-148.24	113.75
10422.52	-115.83	110.36
10428.17	-17.77	98.37
10429.02	73.5	86.84
10431.49	165.81	75.8
10435.18	257.15	65.46
10437.68	348.53	55.11
10439.1	438.93	44.76
10439.67	530.25	33.64
10439.37	621.51	21.98
10438.78	713.71	9.84
10438.89	806	-1.61
10439.82	896.39	-12.07
10439.86	987.69	-23.38
10439.25	1081.95	-35.17
10438.65	1176.33	-46
10439.59	1269.81	-55.83
10442.07	1364.27	-65.62
10443.94	1457.67	-76.06
10444.99	1551.98	-87.43
10445.26	1645.24	-99.15
10444.19	1739.44	-111.44
10442.38	1832.74	-122.69
10443.04	1926.26	-132.13
10445.82	2020.78	-141.24
10448.03	2115.27	-150.75
10449.54	2208.76	-160.45
10450.91	2302.21	-170.53
10451.56	2396.63	-180.98
10451.01	2491.05	-191.43
10450.43	2585.41	-202.41
10450.1	2678.74	-213.58
10449.93	2773.07	-224.84
10450.17	2866.38	-236.23
10449.99	2960.7	-247.56
10449.23	3054	-258.98
10447.61	3147.37	-269.65
10445.46	3241.96	-278.19
10444.91	3336.72	-284.85
10445.44	3431.55	-290.54
10445.99	3525.39	-296.12
10446.49	3619.19	-302.08
10446.92	3713.96	-308.73
10447.73	3808.69	-315.87
10448.9	3903.36	-323.63
10450.36	3997.99	-331.91
10450.64	4092.57	-340.8
10448.91	4186.09	-350.14
10447.71	4279.6	-359.58
10447.93	4374.1	-369.34
10447.95	4467.57	-379.32
10447.82	4561.99	-389.81
10447.69	4656.35	-400.81
10447.57	4708.96	-407.19

Y	X	Z
0	0	0
141	-0.08	-0.35
234	-0.12	-1
330.99	-0.27	-2.19
425.98	-0.5	-3.75
518.97	-0.41	-4.92
612.97	-0.08	-5.4
707.97	0.34	-5.45
801.96	0.72	-5.46
895.96	1.24	-5.59
989.96	1.79	-5.21
1083.96	2.07	-4.32
1177.95	2.26	-3.38
1270.94	2.43	-2.21
1364.93	2.72	-0.64
1458.91	3.21	1.15
1552.89	3.77	3.01
1641.87	4.08	4.95
1731.85	4.28	6.87
1821.83	4.54	8.46
1910.83	4.34	9.43
2000.83	4	9.72
2091.83	3.87	9.86
2181.83	3.71	10.26
2225.82	3.49	10.49
2270.82	2.74	10.45
2315.8	1.53	10.19
2360.77	0.01	9.84
2405.73	-1.89	9.23
2450.67	-4.11	8.37
2494.59	-6.5	7.38
2539.5	-9.1	6.12
2584.38	-11.82	4.5
2629.25	-14.69	2.61
2674.11	-17.59	0.6
2717.96	-20.53	-1.62
2762.74	-24	-4.44
2807.46	-27.79	-7.64
2852.16	-31.73	-11.05
2896.8	-35.96	-14.82
2940.41	-40.32	-18.73
2985.01	-44.76	-22.76
3074.09	-54.31	-31.25
3163.06	-64.41	-40.38
3251.03	-74.43	-49.44
3339.99	-84.88	-58.17
3428.02	-94.99	-66.51
3517.05	-105.5	-74.43
3604.9	-117.7	-81.82
3693.61	-130.99	-89.15
3781.49	-143.27	-96.03
3870.53	-154.64	-102.49
3959.66	-165.36	-108.92
4047.78	-175.83	-115.68
4136.86	-186.32	-123.11
4225	-196.37	-130.24
4314.15	-206.88	-136.69
4402.23	-217.75	-143.45
4491.21	-229.01	-150.9
4579.26	-239.83	-157.99
4668.33	-250.42	-165.43
4757.29	-261.58	-173.27
4845.14	-273.44	-181.17
4933.98	-285.39	-189.16
5021.91	-296.61	-197.1
5110.72	-308.66	-205.35
5198.42	-321.71	-213.06
5287.13	-334.74	-220.86
5374.97	-346.74	-228.67
5462.87	-358.58	-235.95
5551.72	-370.65	-243.72
5640.58	-382.28	-252.02
5728.37	-394.39	-260.14
5817.15	-407.05	-267.85
5905.2	-418.32	-274.15
5994.38	-428.63	-280.54
6082.49	-438.8	-287.91
6171.47	-449.9	-295.56
6259.39	-461.54	-303.01
6348.31	-473.28	-310.48
6436.35	-484.24	-317.52
6525.28	-495.81	-325.08
6613.08	-508.1	-332.91
6701.93	-520.29	-340.42
6789.91	-531.76	-347.5
6878.88	-543.26	-354.61
6966.84	-554.87	-361.65
7055.8	-566.64	-368.56
7143.76	-578.26	-375.59
7232.8	-589.18	-382.82
7321.97	-598.86	-390.17
7410.23	-607.93	-397.23
7499.6	-616.45	-403.62
7588.12	-623.75	-409.17
7677.83	-629.79	-413.14
7767.68	-634.47	-415.26
7856.59	-638.23	-416.69
7946.52	-641.59	-417.87
8035.47	-644.38	-418.53
8125.46	-645.82	-418.69
8214.46	-646.02	-418.6
8304.46	-645.98	-418.59
8394.46	-645.66	-418.67
8483.45	-645.08	-418.56
8573.45	-644.5	-418.38
8662.45	-644.17	-418.37
8751.45	-643.92	-418.43
8841.45	-643.91	-418.4
8930.45	-644.14	-418.31
9020.45	-644.28	-418.25
9109.45	-644.42	-418.36
9199.45	-644.56	-418.65
9289.45	-644.64	-418.97
9378.45	-644.75	-419.37
9468.45	-644.91	-419.77
9557.45	-644.99	-420.05
9647.45	-645	-420.3
9736.45	-645.04	-420.56
9826.44	-645.12	-420.82
9915.44	-644.97	-421.07
9992.44	-644.66	-421.36
10038.44	-644.21	-421.65
10083.32	-641.3	-422.52
10127.56	-633.39	-424.03
10169.93	-621.67	-425.7
10212.33	-606.73	-427.45
10253.46	-588.57	-429
10292.9	-566.95	-429.74
10330.27	-541.9	-429.65
10364.54	-514.34	-428.91
10397.34	-483.58	-427.42
10428.37	-449.66	-426.61
10455.08	-413.48	-427.1
10476.94	-375.33	-428
10494.97	-333.07	-429.54
10506.25	-290.62	-430.92
10511.08	-245.92	-430.9
10512.14	-195.93	-430.36
10510.82	-135.96	-431.29
10508.62	-45.08	-435.18
10508.26	48.74	-440.88
10507.9	139.51	-447.33
10508.07	231.24	-454.4
10507.97	322.83	-462.99
10507.4	414.27	-473.19
10505.73	505.56	-484.43
10503.04	596.75	-496.29
10501.34	690	-507.97
10501.59	780.43	-518.1
10502.98	871.93	-527.62
10503.82	966.53	-536.24
10503.57	1060.24	-543.64
10502.73	1154.98	-550.5
10501.47	1248.78	-556.62
10500.57	1343.59	-562.47
10500.13	1437.45	-567.49
10500.05	1532.3	-572.81
10499.91	1626.13	-578.53
10499.53	1719.98	-583.7
10499.22	1814.88	-588.24
10499.74	1908.77	-592.54
10501.55	2003.66	-596.79
10503.5	2097.54	-601.22
10504.71	2192.37	-606.7
10505.41	2287.13	-613.42
10504.5	2381.86	-620.42
10500.93	2475.53	-627.31
10499.03	2569.27	-633.91
10499.45	2664.08	-639.9
10498.95	2758.88	-646.04
10498.48	2851.65	-652.53
10498.83	2946.38	-659.66
10499.13	3041.02	-667.92
10498.92	3135.52	-677.69
10497.44	3229.03	-687.15
10495.52	3323.67	-695.1
10494.48	3417.44	-701.65
10494.17	3512.29	-706.9
10494.59	3607.25	-709.44
10498.22	3702.16	-708.94
10502.13	3796.07	-708.13
10503.86	3891.04	-709.42
10506.77	3985.94	-712.43
10510.26	4079.81	-716.09
10512.73	4174.66	-720.74
10513.37	4268.51	-725.89
10511.82	4363.36	-730.99
10512.55	4458.15	-736.97
10515.18	4552.88	-743.5
10515.42	4646.67	-749.74
10515.3	4740.42	-756.62
10514.33	4835.11	-764.25
10512.67	4929.75	-772.29
10511.45	5024.37	-780.63
10511.31	5118.02	-788.74
10512.29	5212.7	-796.49
10512.84	5306.38	-804.17
10512.84	5401.04	-812.23
10511.88	5494.68	-820.44
10511.1	5589.33	-828.44
10512.7	5683.03	-835.77
10515.83	5777.69	-843.18
10517.6	5872.36	-850.8
10517.72	5966.06	-858.36
10517.15	6060.73	-866.25
10517.48	6155.43	-873.77
10517.96	6250.18	-880.48
10516.85	6343.94	-887.11
10515.42	6438.76	-892.76
10513.51	6532.63	-897.34
10512.44	6627.52	-901.7
10513.61	6721.44	-905.4
10515.72	6816.35	-908.83
10517.9	6911.26	-912.38
10518.98	7005.18	-916.14
10519.87	7100.1	-919.84
10520.79	7195.02	-923.64
10520.83	7222.99	-924.86
10520.8	7275.94	-927.23

Y	X	Z
0	0	0
257	0	0
307.3	-0.24	0.01
399.7	-1.26	-0.03
492.89	-2.59	-0.15
589.08	-4.12	-0.25
685.07	-5.26	-0.06
780.18	-3.24	2.94
876.43	2.84	9.9
971.95	10.28	18.56
1067.11	19.08	28.7
1162.1	31.6	40.05
1251.91	47.67	51.08
1349.14	69.17	63.79
1441.23	94.93	77.37
1531.28	125.75	91.35
1612.87	159.52	103.01
1697.77	203.65	115.28
1776.28	253.05	128.42
1851.82	306.63	141.24
1925.66	362.5	150.76
1997.45	421.71	158.61
2067.46	483.46	167.77
2135.01	546.45	176.65
2199.72	616.99	183.25
2257.77	689.46	188.41
2312.38	770.64	197.04
2362.57	851.48	208.87
2413.7	931.53	222.68
2459.38	1014.7	236.32
2494.24	1101.31	248.2
2522.76	1188.1	260.66
2555.41	1279.24	275.19
2590.58	1365.84	290.34
2625.18	1453.91	307.06
2656.82	1541.8	323.81
2684.55	1631.19	339.25
2708.2	1719.51	351.02
2748.58	1858.23	361.98
2774.9	1946.95	362.07
2799.43	2037.81	353.01
2820.84	2126.04	338.68
2840.11	2216.31	325.43
2859.55	2305.62	317.5
2881.9	2395.87	315.55
2906.1	2488.11	318.07
2934.47	2579.87	320.51
2963.85	2672.05	316.22
2972.42	2701.24	313.31
2998.67	2791.75	304.04
3023.8	2882.64	293.63
3042.96	2975.08	281.96
3057.21	3070.73	269.64
3072.18	3164.17	256.68
3086.16	3259.54	239.47
3092.97	3352.03	215.93
3094.38	3445.56	187.7
3094.97	3536.46	155.93
3095.64	3626.13	118.05
3096.16	3711.42	76.44
3096.64	3796.03	29.59
3097.14	3877.76	-20.71
3097.73	3959.14	-73.88
3098.36	4038.72	-126.07
3098.94	4118.71	-177.41
3099.46	4199.54	-227.21
3099.96	4281.57	-275.9
3103.33	4362.55	-324.09
3107.68	4444.77	-373.4
3108.41	4474.54	-390.88

Y	X	Z
0	0	0
113.66	-0.02	0.1
205.94	-0.07	0.15
299.01	-0.24	0.17
391.75	-0.91	0.39
485.39	-2.15	0.6
547.63	-3.13	0.43
581.67	-3.66	0.14
603.64	-3.93	-0.08
699.97	-4.76	-0.75
799.97	-5.14	-1.37
899.96	-4.23	-2.74
999.87	-1	-5.09
1099.63	4.65	-9.14
1199.09	11.93	-16.47
1298.02	21.44	-27.46
1396.05	35.53	-41.14
1492.97	55.11	-56.05
1588.36	81.06	-70.98
1681.83	113.13	-86.2
1773.36	149.93	-102.54
1862.57	191.32	-120.59
1948.53	237.99	-141.26
2030.6	289.77	-165.34
2108.79	345.82	-192.57
2183.88	405.26	-221.34
2183.88	405.26	-221.34
2212.01	428.59	-232.43
2279.95	491.06	-262.93
2339.62	551.07	-294.72
2396.56	611.51	-330.5
2451.21	677.66	-372.69
2508.02	754.24	-421.28
2561.42	831.1	-467.24
2610.15	904.24	-507.68
2653.6	979.21	-545.38
2692.93	1058.41	-582.36
2731.04	1136.06	-618.77
2768.19	1212.63	-655.99
2803.41	1289.61	-693.49
2836.94	1369.62	-730.5
2867.65	1449.57	-764.54
2899.7	1532.1	-798.1
2930.67	1613.35	-830.03
2957.02	1697.08	-860.85
2981.86	1783.84	-890.54
3005.26	1867.97	-917.49
3027.87	1956.2	-944.36
3049.68	2043.85	-969.39
3068.92	2133.41	-992.11
3085.53	2224.59	-1011.08
3101.22	2317.59	-1027.44
3116.11	2411.3	-1044.47
3131.18	2504.56	-1061.93
3144.68	2598.88	-1079.51
3157.54	2691.62	-1096.29
3169.3	2785.36	-1110.89
3178.2	2880	-1121.07
3187.11	2976.05	-1124.96
3193.45	3070.09	-1124.39
3197.11	3163.69	-1125.02

Y	X	Z
0	0	0
119	0.06	-0.14
200	0.11	-0.26
300	0.07	-0.27
400	-0.11	-0.27
500	-0.34	-0.33
600	-0.52	-0.54
680.21	-0.42	-0.71
775.61	0	-0.74
870.31	0.47	-0.69
966.4	0.98	-0.6
1062.5	1.53	-0.48
1160	1.72	-0.19
1256.25	-0.31	1.83
1351.49	-6.39	5.35
1446.93	-16.45	7.44
1540.37	-29.57	5.42
1631.81	-43.3	-4.14
1724.87	-52.99	-21.03
1819.04	-54.38	-38.85
1912.48	-47.2	-58.97
2002.36	-32.39	-86.45
2085.89	-9.89	-118.78
2167.79	19.55	-151.81
2247.2	54.6	-183.71
2321.86	97.6	-220.32
2389.14	145.29	-264.09
2453.84	191.14	-309.11
2559.32	265.08	-387.59
2620.5	312.58	-442.54
2676.87	361.81	-502.9
2730.06	409.95	-567.77
2779.43	455.18	-635.03
2822.42	500.55	-706.01
2858.47	549.38	-782.78
2886.57	594.96	-856.24
2912.59	639.68	-932.84
2935.47	684.2	-1010.12
2958.01	730.33	-1088.21
2980.97	778.15	-1166.74
3001.82	826.01	-1242.92
3023.42	875.52	-1320.78
3043.91	923.41	-1396.84
3065.32	972.08	-1474.52
3087.29	1020.99	-1551.26
3105.99	1064.44	-1617.72
3129.91	1123.8	-1704.04
3149.6	1179.33	-1781.29
3169.81	1233.5	-1857.9
3191.71	1288.01	-1935.21
3215.46	1345.6	-2007.92
3239.01	1407.98	-2074.96
3262.73	1476.28	-2139.69
3294.89	1572.37	-2222.41
3314.14	1646.09	-2281.35
3328.6	1722.69	-2338.39
3340.92	1802.24	-2390.02
3352.48	1885.34	-2433.17
3364.06	1971.52	-2470.27
3374.24	2062.23	-2505.06
3382.34	2151.26	-2535.89
3389.25	2240.02	-2562.57
3394.69	2337.3	-2586.71
3398.85	2429.06	-2605.13
3402.65	2525.54	-2618.48
3406.34	2619.66	-2625.98
3410.51	2714.79	-2629.31
3413.48	2810.64	-2629.99
3414.85	2905.85	-2630.24
3415.65	3002.66	-2629.43
3416.24	3098.46	-2627.21
3416.86	3192.23	-2624.53
3417.34	3288.27	-2622.31
3419.15	3383.59	-2620.98
3422.43	3477.18	-2620.28
3424.82	3575.3	-2620.23
3425.52	3670.31	-2620.61
3425.55	3765.75	-2621.22
3425.56	3862.08	-2622.15
3425.63	3955.86	-2623.19
3423.97	4052.24	-2623.86
3420.6	4147.86	-2623.88
3418.91	4242.83	-2623.3
3418.92	4339.04	-2621.96
3418.96	4433.93	-2620.35
3418.96	4529.38	-2618.94
3418.92	4565.59	-2618.44

Y	X	Z
0	0	0
184.5	-0.13	-0.07
250	-0.23	-0.09
280.43	-0.29	-0.06
376.37	-0.53	0.17
471.51	-0.98	1.06
564.18	-1.66	2.56
659.87	-2.45	4.16
755.26	-2.85	4.89
851.45	-2.58	3.22
929.88	-2.21	0
947.46	-2.15	-0.87
1042.63	-2.01	-7.46
1135.57	-1.74	-17.61
1230.19	-1.03	-31.86
1323.51	-0.99	-50.62
1415.39	-1.73	-75.11
1505.72	-1.99	-105.42
1594.47	-2.92	-142.2
1680.87	-6.3	-182.98
1767.04	-11.72	-225.63
1851.99	-17.99	-270.32
1935.06	-23.89	-318.66
2012.8	-29.32	-368.29
2089.63	-35.11	-420.55
2165.64	-40.31	-473.01
2242.18	-44.48	-526.89
2312.96	-48.59	-587.54
2375.77	-53.65	-656.18
2435.16	-59.55	-728.02
2493.01	-65.24	-801.63
2548.48	-69.9	-876.88
2602.97	-73.41	-952.53
2656.47	-76.15	-1028.79
2711.6	-79.63	-1106.57
2768.18	-84.94	-1183.94
2824.29	-92.35	-1261.35
2879.82	-100.18	-1338.66
2935.55	-108.05	-1415.31
2992.6	-117.06	-1490.61
3047.85	-126.63	-1565.18
3143.86	-146.07	-1699.94
3195.58	-157.28	-1777.25
3243.56	-165.98	-1855.88
3290.37	-171.67	-1937.57
3335.33	-173.79	-2022.98
3372.84	-173.78	-2106.13
3404.54	-174.3	-2199.79
3426.87	-176.06	-2292.21
3443.43	-177.98	-2385.47
3455.73	-178.69	-2478.89
3464.94	-176.15	-2577.1
3470.15	-169.54	-2671.58
3472.78	-159.97	-2764.97
3474.18	-148.72	-2858.69
3479.27	-137.69	-2957.73
3486.04	-130.26	-3032.37
Y	X	Z







