990521,115.38,115.69,113.61,114.20,3449900
990524,114.17,114.36,109.92,110.92,4299100
990525,110.30,112.03,109.55,109.64,4702500
990526,110.54,117.30,109.77,117.11,8314000
990527,115.69,115.87,111.66,115.00,10552500
990528,115.00,115.75,113.21,115.00,6379500
990601,112.65,112.90,110.23,111.04,7158500
990602,110.79,113.64,108.50,112.78,7005000
990603,113.58,114.32,110.61,111.97,5112600
990604,112.65,115.00,111.47,115.00,5258800
990607,117.11,120.64,116.49,119.47,6663900
990608,118.85,118.85,115.07,115.63,7395400
990609,115.63,119.84,115.56,116.00,5569600
990610,114.88,115.75,112.34,114.26,4851500
990611,114.08,115.50,111.60,113.33,4295200
990614,114.88,115.00,113.02,114.51,4896700
990615,116.49,117.30,113.77,114.88,4884900
990616,118.85,120.46,117.86,119.65,6963100
990617,118.23,120.95,117.98,119.16,4675900
990618,119.16,120.40,118.72,119.71,9159600
990621,121.82,124.67,121.57,123.68,6466300
990622,122.81,126.65,121.94,122.32,6791300
990623,121.20,123.12,120.71,121.88,4418800
990624,122.07,123.37,120.52,121.51,5231200
990625,122.25,124.67,122.07,122.07,4563600
990628,122.94,123.62,121.14,121.51,6233300
990629,121.94,124.24,121.70,123.56,5223800
990630,123.74,130.87,123.31,128.14,8257300
990701,128.88,130.19,126.90,129.88,5911600
990702,129.75,131.12,128.39,131.12,3543600
990706,131.36,132.73,129.69,129.88,5709300
990707,129.88,132.35,129.51,131.67,6648900
990708,131.36,134.34,130.99,132.85,6092900
990709,132.85,136.26,132.73,136.20,4795900
990712,136.26,137.50,134.21,136.63,5046900
990713,134.59,137.99,134.59,136.69,5645700
990714,137.13,137.31,135.02,136.07,4724000
990715,136.82,136.94,133.35,135.14,5583600
990716,135.21,136.32,134.21,135.08,5123100
990719,135.33,137.68,132.54,133.47,7626500
990720,130.87,130.99,124.98,127.15,14307400
990721,126.41,128.64,125.79,127.89,8792300
990722,126.53,127.40,122.44,122.81,8869100
990723,122.94,124.36,121.57,123.74,6964200
990726,122.57,124.05,121.70,121.94,5519900
990727,123.93,125.42,122.50,125.17,6513500
990728,125.29,127.58,124.73,127.27,5287600
990729,125.17,125.54,123.56,124.30,5707500
990730,124.86,125.60,123.31,124.61,4324900
990802,122.94,124.92,120.77,121.20,4565100
990803,121.70,122.07,117.17,118.35,6855900
990804,118.97,120.83,117.05,117.48,5754800
990805,118.97,122.94,116.55,122.13,7364500
990806,120.95,125.91,119.96,122.44,6142600
990809,122.57,123.37,120.09,121.14,4048100
990810,120.46,121.45,117.92,118.29,5846200
990811,119.10,122.69,118.79,122.25,5543000
990812,122.69,122.75,119.96,120.09,5027800
990813,121.70,123.43,120.95,122.32,4400400
990816,123.93,126.78,123.43,126.28,4889000
990817,127.40,127.46,125.48,127.40,5136400
990818,127.27,128.51,122.44,122.81,6607000
990819,122.81,123.80,120.21,121.88,7583300
990820,123.31,123.31,120.03,120.71,5962000
990823,121.70,123.80,121.26,123.37,6043500
990824,122.32,122.57,119.96,120.95,8442100
990825,120.95,123.00,119.84,121.33,6463000
990826,121.57,124.80,121.02,121.88,6245300
990827,123.93,124.11,121.70,122.94,4354600
990830,123.18,124.55,121.64,122.13,4773000
990831,123.31,124.92,121.82,123.50,6214400
990901,124.55,127.40,124.42,126.16,6264400
990902,125.42,125.66,123.18,124.80,5583100
990903,127.27,128.64,126.90,127.75,5282900
990907,127.77,131.55,127.27,130.87,7552900
990908,130.37,132.79,129.57,129.63,7206100
990909,131.36,135.33,130.50,133.60,8423100
990910,136.32,136.51,133.22,133.84,5089300
990913,133.47,134.40,130.87,131.24,4442300
990914,130.87,132.42,130.81,132.17,4590700
990915,132.85,133.84,130.81,130.81,5655400
990916,130.87,131.24,128.45,128.88,6092600
990917,130.25,130.31,122.69,124.30,14857800
990920,125.42,129.75,124.92,129.01,7543000
990921,127.65,128.51,125.17,126.04,6983600
990922,126.10,126.16,123.31,124.11,8091900
990923,126.41,126.72,120.40,120.95,7590000
990924,119.47,123.93,119.40,123.93,7450800
990927,125.54,125.72,120.33,121.94,7075100
990928,121.94,123.68,120.64,122.44,7103400
990929,121.02,121.76,118.97,119.03,8775600
990930,119.96,121.20,118.60,119.96,6642500
991001,119.96,120.03,114.51,116.74,10558900
991004,116.99,118.97,115.75,118.85,7042000
991005,120.95,122.19,118.04,120.95,6435700
991006,121.20,121.70,118.04,118.17,8054900
991007,118.10,118.17,114.08,115.38,14240000
991008,114.01,114.08,110.11,112.53,17867900
991011,112.53,115.69,112.15,113.27,7827100
991012,113.02,113.89,109.06,109.06,8274900
991013,109.86,109.92,104.10,104.16,15015000
991014,105.59,106.33,103.79,106.08,14178500
991015,105.53,107.94,102.98,106.95,13920700
991018,107.07,108.07,103.79,106.08,9678300
991019,106.08,107.57,104.53,106.21,9184700
991020,107.69,112.09,106.08,106.08,11376700
991021,92.20,92.20,88.24,90.22,69444700
991022,92.95,93.81,91.71,93.13,26668700
991025,93.44,94.31,91.34,93.07,13765400
991026,94.06,95.18,93.81,94.68,11367400
991027,94.68,94.74,92.02,92.20,9871400
991028,93.69,94.50,93.44,94.12,9446700
991029,96.17,98.15,95.42,97.41,11078500
991101,97.66,97.97,95.55,95.92,9551800
991102,95.92,95.98,92.88,94.00,11105400
991103,95.05,95.11,92.70,93.57,10369100
991104,93.63,93.63,89.23,90.78,16697600
991105,91.95,92.14,89.41,89.48,13737600
991108,89.72,93.13,89.72,93.13,8522300
991109,94.25,94.68,91.34,92.82,9551200
991110,93.81,96.23,93.32,96.17,8680300
991111,96.66,96.66,94.06,94.19,7147500
991112,95.18,95.42,92.20,95.05,9668400
991115,95.18,95.55,93.07,93.26,6259400
991116,93.81,94.19,92.20,93.81,8537400
991117,94.06,94.06,91.83,92.95,8355100
991118,93.19,97.41,92.76,97.16,18720500
991119,98.15,104.22,97.53,103.05,19678400
991122,104.60,107.51,103.54,106.95,13681600
991123,107.88,108.93,105.09,105.15,10665200
991124,104.10,104.10,100.94,103.60,9710400
991126,105.03,105.09,103.23,104.10,3108400
991129,104.04,104.04,102.49,103.29,5677700
991130,102.80,103.60,101.25,102.18,5758700
991201,101.68,103.54,101.37,102.54,5336400
991202,102.55,105.40,102.49,104.36,6216900
991203,108.87,111.91,107.01,110.92,14680300
991206,112.03,115.50,111.54,115.01,9928300
991207,116.00,118.17,114.45,115.63,11326100
991208,115.25,119.96,114.51,117.27,8139800
991209,119.47,121.08,111.29,112.40,16643000
991210,110.67,110.98,106.64,108.07,12588800
991213,107.20,111.78,105.65,108.76,7135200
991214,109.24,109.24,105.96,108.31,7437900
991215,106.83,107.01,103.60,106.08,9437900
991216,107.07,108.75,104.84,108.25,7122300
991217,109.74,110.11,107.69,109.06,7676800
991220,108.13,109.49,106.83,108.27,4836300
991221,107.57,109.18,107.14,109.18,4773500
991222,108.93,109.37,107.07,107.07,4005600
991223,108.19,109.49,107.26,107.69,4528700
991227,108.75,109.06,107.20,108.81,3740700
991228,108.62,109.80,108.13,108.87,4083100
991229,109.49,109.55,107.82,108.07,2683300
991230,108.75,109.55,107.63,107.82,3435100
991231,108.25,108.56,105.71,106.95,2870300
000103,111.47,115.01,110.92,115.01,10347700
000104,113.02,113.52,109.93,111.10,8227800
000105,111.97,118.72,111.16,115.01,12733200
000106,116.99,117.92,112.53,113.02,7971900
000107,116.25,116.93,109.68,112.53,11856700
000110,116.25,118.35,114.39,116.99,8540500
000111,116.86,120.09,115.63,117.98,7873300
000112,118.60,120.95,117.24,118.48,6803800
000113,118.91,119.96,114.76,117.24,8489700
000114,119.90,122.25,116.49,118.60,10956600
000118,118.66,118.72,114.01,114.76,7643900
000119,114.57,120.95,111.72,118.48,8634500
000120,121.95,123.68,117.98,117.98,17783400
000121,120.83,121.95,118.91,120.46,7868700
000124,120.83,121.82,115.56,120.46,6499200
000125,115.75,118.48,115.01,118.10,6936900
000126,118.04,118.91,115.01,115.75,4895100
000127,116.99,117.42,110.67,112.53,8324600
000128,111.78,113.21,109.12,110.61,6669400
000131,110.42,111.85,108.68,111.29,6202700
000201,111.41,112.46,108.19,109.06,7304700
000202,111.04,114.82,109.43,112.53,7707700
000203,114.01,116.49,113.08,116.12,6213800
000204,117.17,117.42,113.83,114.63,5405300
000207,115.01,115.87,112.15,113.15,5779500
000208,115.93,117.98,115.19,117.79,5464300
000209,117.98,118.72,116.00,116.37,5374700
000210,116.68,118.10,115.87,118.10,4446600
000211,118.04,118.41,113.58,114.39,5749400
000214,115.01,115.38,113.52,115.07,4544000
000215,114.88,116.43,112.90,116.12,5177500
000216,115.50,116.31,114.26,114.76,3966900
000217,115.50,117.86,114.76,115.75,5237500
000218,114.26,114.94,110.54,111.54,7673400
000222,111.04,112.46,107.82,110.05,7654800
000223,109.55,109.55,107.57,107.82,7435300
000224,107.88,110.05,107.26,109.55,9112000
000225,108.93,108.93,104.04,107.07,10312200
000228,103.73,105.59,103.05,103.60,8479900
000229,104.66,104.66,100.07,101.87,10484900
000301,101.13,104.60,99.20,99.39,10807800
000302,99.64,104.53,98.65,102.24,11192900
000303,106.33,109.06,105.15,107.07,10162800
000306,109.00,110.05,100.13,102.18,10747400
000307,105.09,106.08,100.82,102.12,10035100
000308,102.12,105.96,101.87,105.34,8376400
000309,105.59,107.07,103.23,107.07,6334100
000310,106.70,108.07,104.10,104.35,7093200
000313,103.11,108.07,101.62,106.76,7871000
000314,106.83,109.06,106.46,107.69,7973700
000315,106.58,107.32,105.21,106.08,5665900
000316,108.07,108.87,106.95,108.07,6622500
000317,107.32,110.73,106.76,109.06,8857300
000320,109.06,112.40,109.00,111.78,6563500
000321,111.85,113.70,110.98,112.53,6771600
000322,113.52,114.39,112.90,113.27,6137800
000323,114.88,114.88,110.67,114.26,6492400
000324,114.39,121.20,114.08,119.59,12125600
000327,123.93,127.15,123.56,125.79,11862900
000328,124.67,125.91,121.02,121.45,8149600
000329,121.26,121.39,117.48,117.98,7312300
000330,117.86,121.95,117.67,121.70,9158000
000331,121.57,122.69,116.06,117.36,8015200
000403,118.97,121.33,118.41,120.95,7715600
000404,120.46,125.85,114.08,120.15,16667200
000405,119.47,124.67,118.72,123.93,8693500
000406,122.44,126.90,121.57,121.70,8887400
000407,122.44,124.61,120.46,122.07,5380300
000410,123.68,124.30,120.52,121.08,5507300
000411,120.58,120.58,116.80,118.35,7738700
000412,118.60,118.60,110.73,112.78,8885200
000413,111.54,113.33,109.06,109.68,8236400
000414,108.87,111.78,101.99,104.10,11782000
000417,102.99,111.29,102.43,110.92,9969500
000418,111.29,114.14,109.12,110.54,8205500
000419,108.81,108.81,101.93,104.10,14674500
000420,104.10,104.35,101.19,103.11,10633300
000424,101.13,106.27,100.38,105.59,8523100
000425,105.59,112.03,105.53,111.54,9576400
000426,111.54,112.96,108.07,109.55,6182800
000427,108.56,112.15,107.76,109.68,6317500
000428,111.04,111.72,109.18,110.54,4888600
000501,111.54,112.22,109.49,111.04,4196100
000502,110.05,112.65,109.74,110.42,4085000
000503,109.55,110.17,105.65,107.20,5543800
000504,108.19,108.25,106.27,106.70,3631300
000505,105.71,108.68,105.59,106.95,4695100
000508,107.14,109.43,106.70,108.81,4826900
000509,109.55,109.68,107.32,108.07,4864900
000510,104.60,104.78,101.19,102.12,10012700
000511,103.11,106.58,102.30,103.54,8106200
000512,102.86,104.84,102.36,103.54,5599700
000515,103.11,103.98,101.13,103.29,5907800
000516,104.22,108.31,104.10,108.07,7265800
000517,106.58,107.94,105.22,106.95,5524500
000518,105.22,106.39,103.79,105.15,4577200
000519,105.15,106.58,104.10,105.53,6419200
000522,105.09,108.31,102.55,108.31,6769400
000523,108.07,109.06,106.21,106.46,5978900
000524,105.59,109.06,103.29,108.69,8184200
000525,109.55,111.29,105.46,105.59,5967600
000526,104.60,106.27,103.67,106.02,4296900
000530,106.83,110.05,106.76,109.99,3617500
000531,109.55,109.80,106.27,106.39,3732500
000601,106.64,108.00,104.60,105.09,5712500
000602,108.07,108.81,106.70,107.88,5473300
000605,107.51,113.21,107.51,111.85,7281400
000606,111.29,113.64,110.30,111.41,5369400
000607,111.54,120.71,110.54,119.96,11115500
000608,118.35,121.26,116.49,118.72,9325600
000609,118.85,119.71,117.86,118.66,4739100
000612,118.10,119.40,117.82,117.82,3640300
000613,117.86,118.91,115.75,118.29,4008600
000614,117.86,118.97,114.51,115.01,5282600
000615,115.01,117.98,114.88,115.81,5386300
000616,115.32,116.68,112.28,112.28,8046200
000619,112.53,119.34,112.28,119.34,6059200
000620,118.97,119.65,114.39,115.38,7103800
000621,114.57,114.94,112.53,113.52,6487000
000622,113.15,113.33,110.30,110.85,4853100
000623,112.53,112.65,109.86,110.92,3360900
000626,112.03,114.76,111.91,113.43,3625900
000627,110.67,111.85,107.82,108.81,6607900
000628,109.06,114.20,108.93,112.81,6436600
000629,110.79,113.39,109.12,113.02,7688500
000630,111.72,112.22,107.69,108.62,8612600
000703,107.82,108.93,107.38,108.56,2304400
000705,104.72,104.72,100.26,104.10,14339600
000706,104.10,104.22,99.14,100.38,12932700
000707,101.81,104.16,100.75,104.16,9031700
000710,103.79,104.04,101.99,102.43,4212200
000711,102.36,103.11,100.13,101.13,5619800
000712,102.30,104.97,101.75,103.73,5550500
000713,104.53,105.03,101.13,103.11,5669700
000714,102.86,103.98,102.24,103.05,4020000
000717,103.54,106.95,103.29,104.60,6632700
000718,103.23,103.91,101.75,102.43,6452700
000719,101.50,108.56,100.13,107.82,7781400
000720,111.04,116.80,110.79,116.25,23048400
000721,116.00,116.00,112.78,113.77,8966400
000724,113.15,114.63,110.67,111.54,6814400
000725,112.28,112.40,109.31,111.04,5566900
000726,110.05,111.41,107.94,108.93,6670400
000727,108.93,110.54,108.38,109.37,4047400
000728,110.17,111.54,107.94,110.85,5355600
000731,109.55,112.71,109.12,111.29,5113500
000801,111.04,111.47,109.31,109.55,2996500
000802,110.05,113.89,109.80,113.27,5877900
000803,112.03,115.50,111.35,115.01,5567400
000804,115.01,115.50,113.33,114.88,4460500
000807,115.63,117.98,114.82,115.32,5910700
000808,114.82,118.73,114.70,117.99,5736700
000809,118.11,119.91,117.86,117.86,6585400
000810,117.86,119.35,117.00,118.86,5484100
000811,118.86,120.90,118.30,119.72,6142400
000814,119.11,122.76,118.42,122.33,4949400
000815,121.15,121.71,119.85,121.09,4378100
000816,120.16,122.02,118.61,121.46,5946000
000817,118.86,121.90,118.61,121.59,4338400
000818,121.46,122.46,119.23,119.54,4127500
000821,120.16,121.28,119.17,120.53,3234200
000822,120.28,121.28,120.10,120.47,2769400
000823,119.42,122.83,118.98,122.33,4251200
000824,122.08,124.50,121.77,123.88,5988300
000825,123.39,128.91,123.32,128.04,8279000
000828,128.91,132.19,128.78,130.52,8536600
000829,130.52,133.25,130.02,131.88,6040000
000830,129.77,130.52,128.60,129.34,4928800
000831,130.89,133.19,130.64,131.03,5469500
000901,132.07,133.93,131.64,132.63,5776300
000905,131.82,132.32,129.84,130.21,4112100
000906,129.90,133.87,129.40,130.46,6473000
000907,130.89,133.50,130.89,132.38,4622800
000908,131.51,131.95,128.41,128.53,4993700
000911,126.92,127.29,122.70,123.57,7617700
000912,123.88,125.93,123.14,124.07,5001700
000913,122.21,127.85,121.83,126.74,5473600
000914,127.04,128.22,125.37,125.93,4425500
000915,125.87,126.30,123.82,124.07,5481700
000918,124.32,125.06,122.14,122.33,3932800
000919,121.83,125.31,121.65,124.00,3341000
000920,123.76,125.62,122.58,123.82,4623400
000921,123.26,125.74,119.11,120.59,4302200
000922,122.08,123.39,120.41,122.95,5930100
000925,123.57,125.68,120.10,122.08,4291000
000926,119.11,120.97,117.49,118.24,6217200
000927,119.17,119.42,114.64,117.12,5948900
000928,116.50,117.99,114.14,114.39,5309100
000929,114.64,116.07,109.43,111.79,9594600
001002,111.79,118.73,111.79,116.93,8872200
001003,117.99,118.48,109.18,109.74,11744200
001004,109.55,114.02,107.75,113.52,11668900
001005,112.96,113.71,110.73,112.34,5547000
001006,113.15,115.26,111.91,115.14,6108400
001009,115.07,118.48,113.46,117.06,4898000
001010,115.75,116.25,111.60,114.02,5614200
001011,111.04,112.10,106.70,111.16,8775800
001012,113.40,113.52,102.36,102.36,9704900
001013,103.41,109.61,103.41,108.25,9092600
001016,110.67,112.28,107.75,110.30,7710400
001017,111.10,113.03,107.75,112.16,8882500
001018,96.03,98.39,89.58,94.73,29777800
001019,97.27,97.77,92.00,95.72,17966900
001020,94.42,95.53,93.48,94.04,9369200
001023,94.04,94.29,90.38,92.18,9338600
001024,92.31,93.67,89.51,90.76,8826200
001025,89.82,90.26,86.29,86.91,14058500
001026,87.34,92.18,86.97,92.06,10135700
001027,92.31,92.99,90.32,92.99,6431400
001030,92.80,93.05,89.64,92.62,8084000
001031,93.05,98.39,93.05,97.77,10902600
001101,97.70,99.13,96.52,97.83,7466200
001102,98.26,101.55,97.77,101.18,7445100
001103,101.74,101.86,98.63,99.38,5848500
001106,99.13,101.61,98.70,99.56,4448500
001107,100.37,102.73,99.94,101.55,5420600
001108,102.98,103.11,98.63,99.38,6990800
001109,96.15,99.38,95.09,98.82,9047900
001110,97.39,97.77,92.42,92.42,6807900
001113,91.24,98.82,91.06,96.83,8684900
001114,98.63,99.26,97.89,98.88,5150900
001115,98.88,99.44,97.02,98.76,4160300
001116,98.63,99.07,97.64,97.64,3739700
001117,97.70,101.86,97.64,101.31,7717400
001120,100.87,102.61,100.25,102.61,7426600
001121,102.61,103.73,97.89,97.89,7180700
001122,97.89,100.19,97.70,97.89,5537100
001124,98.76,101.12,98.63,99.32,2497500
001127,99.82,101.37,97.83,97.83,3866200
001128,98.14,100.13,96.77,97.27,4799100
001129,97.14,99.32,96.09,99.19,5524600
001130,97.39,97.39,91.68,92.92,10651400
001201,93.85,98.70,93.79,95.03,7525100
001204,95.40,98.57,95.16,97.77,5566800
001205,99.82,104.10,99.01,102.73,7804200
001206,101.12,101.18,94.22,96.15,10096900
001207,94.47,95.34,92.55,92.55,7922000
001208,97.39,98.39,95.16,96.40,6140600
001211,95.90,97.64,93.17,94.41,6185600
001212,94.66,95.53,91.93,93.29,7913300
001213,94.29,96.03,90.13,90.68,6992600
001214,91.43,93.11,91.24,91.86,6131400
001215,89.44,90.13,86.77,87.27,14254500
001218,87.83,89.94,87.83,89.94,7693800
001219,89.63,93.85,89.26,89.57,7705300
001220,85.34,87.45,84.29,85.47,12579400
001221,84.97,87.39,79.57,81.06,12725500
001222,83.98,88.82,83.98,88.45,9514000
001226,88.45,89.01,83.73,84.29,6052300
001227,84.22,87.58,83.04,84.16,8245100
001228,82.98,87.64,81.62,84.72,9798600
001229,86.40,86.40,83.73,84.47,6943700
010102,83.98,86.96,83.60,84.29,8007200
010103,83.23,94.41,83.23,94.04,12769900
010104,94.16,99.13,92.11,92.61,15420500
010105,93.36,94.10,90.44,93.42,8043200
010108,92.92,93.36,91.00,92.98,6064800
010109,93.85,95.16,90.87,91.99,7547100
010110,91.93,94.35,91.12,92.86,7656100
010111,92.36,93.67,90.68,93.11,9635000
010112,93.11,95.84,91.80,93.23,6448000
010116,93.17,93.42,91.24,92.18,5671900
010117,94.78,97.14,93.73,96.09,9727000
010118,103.73,109.32,102.86,107.64,25244900
010119,106.83,113.23,106.58,110.56,14762200
010122,108.82,109.26,107.52,107.89,9618500
010123,108.88,109.26,106.96,108.39,9826900
010124,108.39,110.75,108.26,109.75,6760900
010125,109.44,110.44,108.76,110.06,4982100
010126,108.95,114.54,108.51,113.48,9095200
010129,111.80,114.78,111.77,114.27,5125000
010130,114.29,116.03,112.70,115.89,8242000
010131,115.03,116.03,111.31,111.31,8314200
010201,111.70,113.63,110.51,113.34,5580800
010202,112.05,113.28,108.92,109.59,5428400
010205,108.72,111.90,108.62,111.52,5113700
010206,111.53,114.97,110.51,113.48,7526400
010207,112.83,117.00,112.10,116.32,9006900
010208,116.32,117.60,113.45,113.52,8380800
010209,113.45,114.41,110.44,111.43,6318800
010212,109.99,115.13,109.74,114.32,6729300
010213,113.57,116.79,112.50,113.17,7193200
010214,113.17,115.58,111.93,114.52,7032900
010215,116.21,118.04,115.79,116.19,8098700
010216,113.97,115.16,113.36,114.42,7073000
010220,113.97,115.01,110.22,110.93,6748300
010221,109.00,110.93,106.75,106.96,9156900
010222,105.96,110.34,102.86,108.35,11709000
010223,106.96,106.96,99.74,103.47,15276600
010226,105.26,105.26,101.31,104.77,8344100
010227,104.37,106.33,102.04,102.07,9787900
010228,102.43,103.02,98.60,99.39,11933200
010301,98.80,105.86,97.01,105.51,15102000
010302,103.47,107.11,100.43,101.78,14745500
010305,102.29,105.07,102.12,104.38,6743900
010306,105.71,107.85,104.72,105.46,8120000
010307,106.91,107.70,105.13,107.00,7788900
010308,106.63,106.80,104.84,105.93,6793600
010309,104.47,104.48,97.40,98.79,16688100
010312,97.40,97.90,94.54,95.01,14494800
010313,94.62,97.94,93.72,97.89,12127900
010314,94.92,98.40,92.87,94.48,14246600
010315,95.51,97.37,94.69,95.08,8420000
010316,93.42,93.42,87.75,89.64,20029400
010319,90.54,92.33,88.75,92.13,10235500
010320,91.14,91.56,87.65,87.85,10101100
010321,88.00,91.14,87.31,88.63,11013000
010322,88.67,90.54,87.21,88.65,13328200
010323,93.03,94.51,89.83,93.04,12233600
010326,94.77,95.18,93.28,94.92,8581200
010327,93.52,99.49,93.49,99.00,11851200
010328,97.40,97.95,93.77,93.93,11890500
010329,93.98,96.58,93.78,94.56,10553700
010330,96.01,97.07,94.66,95.69,9461300
010402,96.96,97.60,93.11,94.18,8787000
010403,94.12,94.17,89.64,89.93,13330000
010404,89.99,93.57,89.59,91.53,13515600
010405,95.31,99.49,95.05,97.71,12506100
010406,97.50,99.49,95.91,97.45,13424200
010409,98.00,98.24,93.32,95.51,9486600
010410,96.51,99.39,96.07,98.55,10499400
010411,100.99,101.42,95.31,96.94,11498400
010412,95.91,97.01,94.67,95.71,9390100
010416,95.71,99.38,94.72,96.26,9188500
010417,96.51,99.37,96.51,99.19,9957300
010418,102.48,109.44,101.78,105.96,19814300
010419,111.43,115.31,109.89,113.89,25822400
010420,113.77,115.81,113.17,114.25,12759100
010423,113.43,113.47,111.11,111.43,8537500
010424,112.83,114.17,111.73,112.10,8742000
010425,111.43,114.27,111.42,114.27,6858500
010426,114.37,116.11,113.10,113.16,7346100
010427,116.21,116.31,113.97,115.61,7390600
010430,115.81,117.45,114.14,114.56,7357200
010501,115.26,118.05,114.32,117.91,7790800
010502,117.70,118.35,113.16,114.82,9706200
010503,114.02,114.52,111.78,113.12,6578000
010504,111.43,115.27,110.64,115.27,8681400
010507,115.61,116.66,114.42,115.31,6088600
010508,116.80,117.29,115.05,117.25,7605800
010509,115.75,117.72,114.86,116.53,7680200
010510,118.04,118.44,114.75,114.75,7993900
010511,113.31,113.71,110.53,111.38,8390200
010514,110.77,112.74,110.57,112.13,5254800
010515,113.06,113.71,112.07,113.14,5873400
010516,112.07,115.35,111.77,115.35,7796700
010517,115.35,116.64,114.61,114.63,6887700
010518,114.63,117.23,114.46,116.99,6714900
010521,117.49,119.44,117.10,118.58,8409400
010522,119.24,119.24,116.80,117.55,6005300
010523,117.35,118.49,116.65,116.95,6402600
010524,117.05,119.14,117.05,119.14,7726400
010525,119.06,119.44,117.31,117.35,5629100
010529,116.90,117.14,114.64,114.82,5818000
010530,113.56,113.66,111.57,112.21,9598700
010531,112.21,113.42,111.21,111.37,6724100
010601,112.07,113.16,111.47,112.45,5138900
010604,112.81,114.31,112.41,113.20,3812200
010605,113.20,117.15,113.12,116.52,6154400
010606,117.15,118.54,116.05,117.05,9624200
010607,116.55,117.79,116.55,116.80,6423700
010608,117.05,117.05,115.15,115.65,3099100
010611,115.85,117.68,115.65,116.91,6542700
010612,116.30,117.35,115.10,116.80,7301500
010613,116.80,118.01,116.08,116.09,5703200
010614,115.15,115.63,113.55,115.30,7502500
010615,114.65,115.00,112.94,113.16,12470100
010618,113.54,114.99,112.87,113.83,5182800
010619,115.81,116.80,114.12,114.40,6152800
010620,113.06,114.55,111.33,112.65,8828300
010621,111.72,114.26,110.93,112.17,8155800
010622,112.17,113.99,112.07,112.43,5607200
010625,113.31,114.46,111.35,112.21,5675900
010626,110.82,113.61,110.67,112.60,7081900
010627,112.66,113.74,112.02,113.08,4814100
010628,113.36,116.50,113.31,114.65,8181000
010629,115.15,116.20,112.56,113.06,9477400
010702,113.06,114.95,112.52,113.91,5913100
010703,113.66,113.75,112.32,112.54,3325800
010705,112.17,112.82,111.36,111.67,4419000
010706,110.47,110.47,105.40,106.09,11704600
010709,106.09,106.54,103.25,104.32,9312600
010710,104.33,104.99,101.21,101.57,10266600
010711,101.21,103.73,101.17,103.45,8895400
010712,105.49,107.38,105.21,106.84,8766400
010713,105.74,108.88,105.70,108.11,7841800
010716,108.11,108.96,106.87,107.40,5330100
010717,105.69,108.16,104.35,108.11,8662400
010718,105.69,107.18,102.80,103.88,11670300
010719,105.19,105.59,102.70,103.60,13644500
010720,103.00,105.29,102.63,105.29,8991700
010723,105.29,106.54,104.89,105.44,6315700
010724,104.44,105.74,103.39,104.11,7299800
010725,104.10,105.29,102.33,104.49,6247600
010726,104.35,105.59,102.53,105.59,8428700
010727,104.35,105.54,103.71,104.30,4346500
010730,104.50,105.84,104.36,105.44,4030800
010731,105.49,106.59,104.74,104.80,5603000
010801,104.94,108.08,104.90,106.65,6036100
010802,108.08,109.05,106.80,108.38,5675100
010803,107.38,109.67,106.69,107.76,3704100
010806,106.84,106.96,105.38,106.10,4176800
010807,105.39,106.96,104.85,105.84,4029300
010808,104.73,105.83,103.83,103.93,6398000
010809,103.44,104.27,102.44,103.82,6763200
010810,103.58,104.68,102.55,104.68,5254800
010813,104.73,106.37,104.38,105.59,6024400
010814,106.23,106.58,105.13,105.93,5730200
010815,106.08,106.32,104.74,104.74,4712900
010816,103.93,105.75,103.40,105.48,6215200
010817,105.22,105.22,103.64,104.32,7006200
010820,104.41,104.73,102.54,103.83,5612700
010821,103.58,104.70,101.14,101.63,6515900
010822,102.24,103.78,101.50,103.69,8029000
010823,103.74,104.43,102.74,102.74,5474300
010824,103.68,107.53,103.15,106.72,7711900
010827,106.72,107.92,106.37,106.59,4540900
010828,106.63,106.90,104.60,104.68,5808100
010829,105.48,105.63,103.56,103.86,4840300
010830,102.49,103.14,98.61,100.10,15015500
010831,100.74,101.10,98.99,99.70,8126600
010904,99.89,102.87,99.04,101.23,9891800
010905,101.24,102.57,99.36,100.09,11880700
010906,100.42,100.42,97.40,97.75,9043100
010907,97.65,97.90,95.76,96.34,10507000
010910,95.76,97.15,95.35,96.22,10311500
010917,93.66,95.62,92.31,93.10,15132800
010918,93.76,96.50,93.44,96.15,12305000
010919,96.15,96.60,92.21,95.76,14883500
010920,93.86,95.51,92.61,93.16,15182900
010921,90.37,93.26,89.27,90.27,18364700
010924,91.57,95.30,91.57,94.56,11201800
010925,93.86,95.76,93.17,94.21,12575100
010926,94.21,94.21,90.07,91.07,13783100
010927,91.07,91.27,87.27,89.77,13172300
010928,89.97,92.47,89.67,91.49,11077200
011001,91.49,93.24,91.11,92.47,8676200
011002,92.06,93.66,91.87,93.53,7221200
011003,92.66,97.37,92.16,96.70,11117000
011004,96.90,98.63,96.55,97.06,9785100
011005,96.40,98.20,95.13,97.77,9708200
011008,97.78,98.75,96.50,98.25,7093400
011009,98.25,98.25,96.51,96.89,7525300
011010,94.76,97.05,94.66,97.00,10636900
011011,97.45,99.15,96.25,99.15,11501600
011012,98.45,100.74,97.75,100.58,11501200
011015,99.60,102.50,99.60,101.74,10204200
011016,101.61,102.74,99.41,101.59,11946000
011017,106.03,106.43,102.64,102.64,18920500
011018,102.79,103.49,100.52,101.00,10694900
011019,101.39,102.48,99.82,102.39,11771900
011022,102.39,105.51,101.64,104.98,7623900
011023,105.48,106.42,104.28,105.54,7429300
011024,106.23,108.47,105.82,108.29,8293200
011025,107.78,110.57,106.48,110.38,9683400
011026,109.72,111.81,109.34,110.88,10142500
011029,110.22,110.42,108.34,108.34,7072800
011030,107.53,109.47,107.49,108.37,8625100
011031,109.32,110.84,107.79,107.79,7177700
011101,106.98,109.89,106.63,109.61,8024000
011102,108.87,110.02,108.49,109.22,6216900
011105,109.67,110.31,108.80,109.69,5708500
011106,109.32,114.51,108.72,113.32,8509700
011107,112.90,115.05,112.88,113.70,10129700
011108,113.81,115.41,113.46,113.66,7991200
011109,112.95,114.75,112.95,113.93,5045900
011112,112.85,114.75,111.90,114.71,5608400
011113,115.55,116.85,115.55,116.55,9216700
011114,116.55,116.70,113.18,114.20,8091700
011115,113.95,116.18,113.69,114.60,7013800
011116,114.85,114.85,112.40,114.35,6661500
011119,114.55,115.65,113.62,114.85,4931300
011120,114.20,116.65,114.10,115.29,6452200
011121,114.80,115.10,112.90,114.19,4184700
011123,114.14,115.22,113.57,115.20,1714000
011126,115.75,116.25,115.05,116.18,4854300
011127,116.10,116.15,113.92,114.05,6894100
011128,113.95,114.23,111.95,112.00,6161200
011129,112.75,114.40,111.66,114.28,6128700
011130,114.28,115.79,113.65,115.44,5597800
011203,114.65,114.70,113.06,113.98,5785800
011204,114.15,116.57,113.23,116.49,6585900
011205,116.70,121.82,116.50,121.24,14646200
011206,120.34,121.54,119.64,119.98,11225700
011207,119.34,120.84,118.59,120.24,6889200
011210,119.84,120.84,119.25,119.50,5570900
011211,120.24,122.58,119.64,121.34,7793200
011212,120.96,123.05,119.90,123.04,7977900
011213,121.39,122.14,119.96,120.09,8061000
011214,120.64,121.32,119.25,120.94,7036000
011217,119.99,121.98,119.99,121.18,6205100
011218,121.35,122.81,121.19,122.04,5596200
011219,121.74,124.54,120.85,123.73,8053900
011220,123.73,123.84,121.99,122.54,6344800
011221,122.54,123.34,121.55,121.84,8659100
011224,121.89,122.32,120.94,121.29,1654400
011226,121.84,123.54,121.65,122.24,3755700
011227,122.59,123.77,122.48,123.34,3826200
011228,123.34,123.72,122.19,122.74,4213900
011231,122.59,123.08,120.79,120.80,3512700
020102,120.44,121.34,119.64,121.34,6862800
020103,121.34,124.06,120.09,123.50,8621700
020104,123.89,125.43,123.82,125.43,8405200
020107,124.83,126.02,123.54,123.89,5939600
020108,124.09,125.04,123.57,124.54,5311800
020109,124.54,126.22,123.99,124.33,6839900
020110,123.59,123.84,121.26,121.98,8926300
020111,121.34,122.02,120.12,120.15,4797800
020114,119.84,119.93,116.95,117.89,10026700
020115,117.89,119.54,117.57,118.69,5647900
020116,117.85,118.59,117.10,117.25,5366300
020117,119.69,120.39,117.11,119.74,11153700
020118,114.10,114.75,112.66,114.10,18440200
020122,114.10,114.11,110.18,110.35,10130400
020123,110.65,111.10,106.86,107.76,12556700
020124,108.66,109.58,106.93,108.58,8581500
020125,108.36,110.54,107.96,109.14,6761800
020128,109.36,110.07,106.92,108.01,7092900
020129,108.01,108.42,102.28,102.86,14509400
020130,104.11,105.61,100.87,105.41,17713300
020131,106.26,107.84,104.32,107.75,9877000
020201,107.50,109.16,106.50,107.86,6799500
020204,107.86,107.86,105.85,106.66,6601900
020205,106.11,108.36,105.86,106.16,6737700
020206,106.70,107.82,105.33,106.63,6669800
020207,106.64,107.00,103.86,103.91,7253800
020208,103.00,105.72,102.61,104.99,8339400
020211,105.00,107.69,104.51,107.38,6271900
020212,106.75,107.89,106.06,106.57,4559800
020213,106.70,108.48,106.12,108.07,5086900
020214,109.00,109.15,107.20,107.89,5816300
020215,104.80,104.80,101.70,102.89,18204600
020219,101.50,101.80,98.86,101.30,13395900
020220,99.54,100.00,97.00,99.31,14525200
020221,98.75,99.70,96.01,96.38,10131700
020222,96.38,99.20,95.76,98.45,10471600
020225,98.45,99.25,97.12,98.30,9902800
020226,99.00,99.19,95.99,97.15,11634500
020227,98.10,100.31,96.70,97.83,11978700
020228,98.49,99.60,97.82,98.12,7939000
020301,98.60,103.10,98.50,103.02,10492900
020304,103.35,106.53,103.13,105.90,10767700
020305,104.25,106.50,104.16,105.67,7562100
020306,105.15,107.09,104.75,106.30,7687400
020307,107.30,107.50,103.24,103.71,10971900
020308,104.82,107.34,104.82,105.09,10726400
020311,104.35,105.97,103.60,105.24,8639100
020312,105.52,108.85,105.51,108.50,11059300
020313,108.30,108.65,106.70,107.18,6409200
020314,107.02,107.95,106.59,106.60,5335500
020315,106.55,107.45,105.59,106.79,10864100
020318,107.10,108.64,106.23,106.35,5301200
020319,106.85,108.05,106.49,107.49,4614800
020320,106.90,106.90,105.49,105.50,4844100
020321,105.70,106.78,104.70,106.78,5113100
020322,106.50,106.70,105.07,105.60,5507900
020325,105.80,106.66,103.50,103.56,6277900
020326,103.57,105.70,102.30,102.90,8144000
020327,103.75,103.79,102.50,103.39,5602400
020328,103.55,105.14,103.39,104.00,5347500
020401,104.00,104.00,102.40,102.86,5587000
020402,102.00,102.01,100.51,100.95,7382200
020403,101.40,101.50,98.90,99.96,7649100
020404,99.96,101.14,99.50,100.84,5928500
020405,100.84,101.25,97.25,97.25,9801800
020408,87.50,88.59,85.35,87.41,41207300
020409,88.50,88.52,87.10,87.74,17383600
020410,88.45,89.95,88.20,89.01,13143900
020411,88.05,88.51,83.34,84.19,23343700
020412,87.56,87.96,84.40,85.60,15819300
020415,86.50,86.60,84.70,85.35,8871600
020416,86.35,86.85,85.58,86.20,7933100
020417,87.05,87.20,84.00,84.81,11019500
020418,86.97,89.10,86.90,88.95,14763500
020419,89.90,90.03,87.60,89.00,9273200
