990521,21.31,21.31,19.63,19.94,2281000
990524,20.50,20.69,19.94,20.06,1400700
990525,19.50,19.81,18.38,18.44,2137200
990526,18.75,19.25,17.44,19.00,2593100
990527,18.94,19.94,18.75,19.25,1480000
990528,19.38,19.69,18.69,19.38,726400
990601,19.50,19.81,18.50,18.56,1417300
990602,18.25,19.06,17.69,19.00,1179200
990603,19.19,19.25,18.63,18.81,583400
990604,19.06,19.75,18.94,19.69,947400
990607,20.00,20.44,19.88,20.31,1390800
990608,20.06,20.06,18.88,19.00,1138000
990609,19.50,21.00,18.94,20.69,3620400
990610,20.13,22.50,20.13,22.50,3303600
990611,22.50,23.25,21.13,21.63,4919100
990614,21.63,21.63,20.50,20.75,1250200
990615,20.88,21.38,20.56,20.94,1800200
990616,21.44,22.06,21.00,21.94,1880300
990617,21.38,21.63,21.19,21.63,818300
990618,21.75,22.75,21.44,22.50,1918800
990621,22.50,23.75,22.31,23.50,1677100
990622,23.25,23.31,22.19,22.50,1705600
990623,23.00,24.81,22.81,24.63,4173600
990624,24.56,25.25,24.00,24.88,3645600
990625,24.88,25.44,24.13,24.88,2328700
990628,24.75,24.94,24.38,24.50,1321100
990629,24.50,25.81,24.25,25.00,1869600
990630,25.00,25.69,24.75,25.31,2046100
990701,25.31,26.44,25.00,26.13,1894200
990702,25.38,26.19,25.25,25.63,1240700
990706,25.50,28.50,25.38,27.44,3792100
990707,27.50,28.75,26.56,28.13,2832300
990708,27.94,28.38,27.50,28.06,1725700
990709,27.94,28.00,27.69,28.00,998500
990712,28.25,29.19,27.75,28.63,1576500
990713,28.31,28.50,28.00,28.00,914400
990714,28.00,28.00,27.25,27.31,1363700
990715,27.75,28.50,27.56,28.31,2470700
990716,28.31,28.69,28.25,28.50,1625700
990719,28.50,28.69,27.63,27.75,1455700
990720,27.63,28.25,25.69,26.00,2189300
990721,26.06,27.38,26.06,27.25,1579700
990722,27.06,27.13,25.44,25.56,1343300
990723,25.56,26.25,24.63,25.31,1414400
990726,24.63,25.88,24.13,25.63,1177600
990727,25.75,27.13,25.75,26.69,1758100
990728,26.88,27.19,26.25,26.50,1013600
990729,25.75,25.94,24.69,24.94,1550700
990730,25.13,25.44,24.19,24.56,1252500
990802,25.00,25.56,24.44,25.13,1172800
990803,25.25,25.38,24.13,25.38,1457500
990804,25.19,25.56,23.38,23.88,1577400
990805,23.88,24.00,22.06,22.63,2605500
990806,22.50,23.88,22.31,23.38,2004700
990809,23.63,24.00,22.94,23.31,1229000
990810,23.44,24.69,23.38,24.38,1658600
990811,24.50,27.94,24.50,27.56,3569100
990812,27.75,29.00,27.19,28.06,4384000
990813,28.00,28.44,27.75,28.25,1893900
990816,29.50,30.00,29.38,29.94,2700600
990817,30.00,30.38,28.63,30.25,2748400
990818,29.88,30.50,28.50,28.56,2089200
990819,28.06,30.06,27.75,29.81,2049700
990820,29.63,30.00,29.19,29.75,977900
990823,30.00,30.13,29.50,30.00,1935900
990824,29.75,31.13,29.75,30.50,2704700
990825,30.38,30.44,29.69,30.00,1151400
990826,29.63,30.00,29.50,29.56,780500
990827,29.50,29.56,27.50,28.38,1338300
990830,28.38,28.38,27.19,27.63,956500
990831,27.75,28.38,27.63,28.19,1194600
990901,28.44,29.75,28.25,28.50,1939300
990902,27.88,29.25,27.63,29.13,1156900
990903,30.00,30.69,30.00,30.50,2322800
990907,29.88,31.25,29.75,30.63,1781200
990908,30.69,32.19,30.69,31.88,3551200
990909,31.75,32.19,30.38,32.00,1571500
990910,34.88,35.38,34.00,34.63,7071600
990913,34.50,34.75,32.31,32.75,1764900
990914,32.25,34.50,32.00,34.50,2032700
990915,34.25,34.50,32.13,32.25,1422100
990916,33.00,33.19,32.00,32.88,2188100
990917,33.75,35.00,33.25,34.88,2174900
990920,35.00,36.00,34.63,35.94,2880400
990921,36.00,36.25,33.56,34.13,2329500
990922,34.06,34.31,32.13,34.13,2579800
990923,34.06,34.31,32.06,32.25,1832400
990924,31.88,32.44,30.69,32.06,1847600
990927,33.75,34.50,33.44,33.56,1445600
990928,33.63,34.00,32.19,33.44,1249500
990929,33.50,34.31,32.81,32.88,1478800
990930,32.94,33.00,30.31,30.56,3128800
991001,30.50,31.94,30.50,31.19,2459000
991004,31.44,32.50,30.75,32.31,1152200
991005,33.50,34.19,32.13,33.44,1928900
991006,33.69,34.19,33.00,34.19,1052200
991007,34.50,34.69,32.13,32.81,2334000
991008,31.38,31.75,30.44,31.13,2844200
991011,31.75,32.38,31.25,31.75,1138300
991012,32.50,33.19,30.69,30.81,1878300
991013,30.50,31.81,30.38,31.00,2677400
991014,30.88,32.00,30.81,31.50,1340400
991015,31.13,31.38,29.75,30.25,2242200
991018,29.81,30.13,26.75,27.88,2757600
991019,27.13,27.25,23.50,25.00,4952500
991020,26.00,27.63,25.38,27.63,2586500
991021,27.00,28.88,26.50,28.88,1985600
991022,31.00,31.31,27.94,28.19,2576100
991025,27.94,28.81,27.00,27.38,1136100
991026,28.00,28.44,27.00,27.25,1411400
991027,27.50,27.56,25.63,26.50,1437500
991028,27.25,28.31,26.88,28.00,1737900
991029,28.88,30.63,28.75,29.94,2269100
991101,29.38,31.00,29.25,30.56,1231900
991102,31.63,32.38,31.25,31.50,1776200
991103,33.00,33.75,32.75,33.25,2690300
991104,34.50,34.50,32.56,33.63,2569400
991105,34.13,34.81,33.19,33.81,1468400
991108,33.63,34.75,33.63,34.31,1061400
991109,34.00,34.94,33.13,33.25,1175100
991110,33.00,34.44,32.50,34.44,1720500
991111,34.38,34.81,33.44,34.75,1878500
991112,35.00,35.31,32.44,35.19,3166100
991115,34.94,34.94,33.81,33.94,1614600
991116,34.25,35.19,34.00,34.75,1286200
991117,34.63,37.00,34.63,35.81,3421600
991118,36.25,38.00,36.25,37.75,3465200
991119,39.88,42.00,39.75,40.75,4913400
991122,40.56,41.81,39.00,41.25,2820900
991123,42.00,42.69,40.50,40.81,3449800
991124,40.81,41.38,40.38,40.50,1775600
991126,41.50,42.19,41.00,41.50,1029800
991129,41.75,44.94,40.88,43.25,2739100
991130,42.88,44.00,41.63,42.50,2406700
991201,42.13,43.88,42.13,43.38,1699200
991202,42.75,44.00,42.63,43.56,1737200
991203,45.00,48.88,43.88,48.81,4477600
991206,48.63,49.75,47.00,47.88,3204600
991207,48.25,48.44,46.06,47.19,1767400
991208,48.00,48.19,44.00,45.94,3573400
991209,48.50,51.88,44.38,51.00,5870500
991210,50.81,51.75,47.50,47.88,4418000
991213,48.50,48.63,44.50,46.94,4133400
991214,46.88,46.88,40.88,41.25,4313800
991215,41.00,43.00,40.56,41.31,3486900
991216,44.00,44.75,43.38,44.00,4077800
991217,44.75,45.00,43.31,44.06,2638100
991220,43.88,44.44,43.00,43.50,1495300
991221,43.00,46.06,42.38,45.44,2255300
991222,45.50,46.88,43.50,44.63,1427600
991223,45.94,46.31,44.38,45.00,1074600
991227,44.88,44.94,43.69,43.75,1034400
991228,44.00,44.63,41.06,42.00,1286500
991229,43.13,43.88,42.25,42.69,933100
991230,42.63,43.06,41.81,42.50,921400
991231,42.44,43.19,41.75,42.81,528300
000103,43.13,45.00,41.63,45.00,1831400
000104,44.19,44.88,42.50,42.94,1570400
000105,43.00,43.25,39.19,40.00,3687600
000106,40.13,42.81,39.13,41.50,2516000
000107,41.56,43.50,40.94,43.00,1638000
000110,45.13,49.00,44.81,48.38,3172000
000111,47.00,48.13,45.59,47.50,2757700
000112,47.75,50.00,46.50,48.56,2863800
000113,48.63,49.13,46.38,47.88,1419900
000114,47.75,51.94,47.75,51.75,4284500
000118,50.13,53.75,49.81,51.88,3228100
000119,52.13,52.44,49.75,50.19,1662500
000120,50.44,52.38,50.44,50.94,2522500
000121,51.69,51.69,47.50,48.50,1716900
000124,49.50,50.75,46.50,46.50,1910800
000125,47.00,53.81,46.88,52.56,3710100
000126,53.00,54.19,49.63,49.88,3341500
000127,49.75,51.38,47.69,48.00,1973000
000128,50.50,55.38,50.13,51.75,5462300
000131,52.06,53.63,51.31,52.50,3156600
000201,52.50,58.13,52.38,56.50,3401400
000202,56.00,57.25,54.56,55.25,2372500
000203,56.31,59.69,55.75,59.19,2978500
000204,60.00,65.44,59.56,64.00,4826800
000207,64.25,65.31,62.75,65.13,2463800
000208,66.63,66.63,63.75,64.63,3368900
000209,62.63,64.31,61.25,61.94,2260000
000210,62.00,65.25,61.31,64.13,2117100
000211,65.25,65.25,62.25,64.00,1578400
000214,63.75,64.63,62.13,62.31,1353000
000215,62.00,62.13,58.50,62.00,1947800
000216,61.75,64.44,61.50,61.63,1926800
000217,62.88,65.63,62.25,63.88,1449000
000218,63.88,67.69,62.00,62.00,1947300
000222,63.69,64.38,58.50,64.19,1676700
000223,64.31,68.13,64.06,67.63,1884600
000224,67.69,74.00,67.13,73.00,3717200
000225,71.00,71.13,68.00,68.00,1867700
000228,69.00,74.38,64.13,73.50,3232800
000229,73.38,75.38,71.25,75.13,2504900
000301,75.13,76.50,72.00,73.25,2044800
000302,73.63,74.50,70.38,73.50,1319000
000303,74.13,77.88,74.13,77.44,1656000
000306,78.06,85.00,78.00,85.00,2727500
000307,84.00,84.50,79.44,81.38,2333700
000308,83.50,85.00,75.38,82.50,2347000
000309,80.50,85.94,78.00,79.00,5645800
000310,77.00,77.38,69.50,70.00,7014900
000313,69.00,70.81,64.69,67.50,3598600
000314,68.50,70.38,59.50,61.81,4187100
000315,61.88,63.06,55.75,59.50,5202500
000316,61.00,61.88,55.50,60.75,5430000
000317,60.88,65.19,59.50,65.00,4868500
000320,65.13,67.44,62.63,63.13,2958600
000321,65.56,65.56,58.56,63.63,3652400
000322,63.88,70.00,63.88,70.00,3243300
000323,69.25,70.25,67.06,68.06,2233200
000324,66.50,69.63,60.63,65.13,3733200
000327,65.00,65.31,61.00,63.00,2851800
000328,64.88,66.00,61.25,61.88,3611900
000329,63.50,63.94,57.19,58.50,3887400
000330,57.50,61.25,54.81,57.94,4072300
000331,59.50,60.75,55.88,60.75,3808000
000403,61.25,61.81,54.38,54.63,3895000
000404,55.00,57.75,47.00,55.75,5710800
000405,53.00,62.25,53.00,58.13,5578000
000406,62.25,66.50,61.50,64.56,5007400
000407,65.50,70.00,65.50,70.00,3443900
000410,70.00,70.50,63.00,63.63,2994900
000411,60.63,66.88,59.00,64.00,3841900
000412,64.50,64.75,56.13,59.75,4274900
000413,60.44,61.75,56.13,57.19,4018000
000414,55.44,57.25,49.06,53.00,4445800
000417,50.88,55.00,49.81,54.88,4563400
000418,55.75,59.88,53.50,59.88,3576600
000419,59.88,59.88,56.25,57.00,1837900
000420,56.63,57.75,54.44,56.56,1907500
000424,54.00,54.44,50.50,51.56,2330900
000425,54.25,55.88,50.50,55.25,4430200
000426,56.50,59.38,54.69,55.75,4892800
000427,54.00,62.63,52.75,62.00,4529300
000428,63.38,64.50,59.75,60.50,3107000
000501,60.88,65.19,60.88,62.88,2962100
000502,62.00,65.94,61.25,62.00,3212500
000503,60.00,60.63,54.88,58.44,4152900
000504,59.13,60.19,56.25,57.94,2273700
000505,57.75,60.69,57.63,58.88,2050900
000508,58.25,58.88,55.13,57.00,1551700
000509,57.63,58.00,52.75,53.88,2447900
000510,52.75,53.56,47.38,48.06,3972800
000511,50.00,52.38,49.06,52.00,3260600
000512,52.38,55.81,52.19,53.50,2428000
000515,52.75,53.75,50.50,53.06,1879600
000516,56.25,58.38,55.31,58.00,3306900
000517,58.63,61.31,57.38,59.13,4148200
000518,59.94,60.00,58.13,58.81,2041700
000519,57.75,58.00,54.06,54.75,3210100
000522,55.50,55.50,49.31,53.06,2958500
000523,52.88,54.44,48.75,50.00,4007300
000524,49.88,50.25,43.75,49.88,5907700
000525,51.25,52.50,48.13,48.69,2946100
000526,48.88,49.63,46.25,49.63,1270500
000530,50.38,53.25,50.38,52.75,2626100
000531,54.00,55.88,51.94,53.75,3722000
000601,56.25,59.38,56.25,59.13,3694100
000602,65.75,65.75,61.25,65.38,3659000
000605,66.00,68.38,65.06,66.75,2963400
000606,66.75,68.88,63.75,65.00,3482700
000607,64.00,64.75,61.50,64.13,3167200
000608,64.00,65.75,61.00,64.38,5737500
000609,66.00,66.56,63.00,65.63,4689900
000612,65.69,65.75,61.63,63.00,1715000
000613,60.00,61.75,57.75,61.38,4037000
000614,63.25,63.38,59.38,59.50,2736900
000615,59.75,60.56,57.63,58.00,2748900
000616,59.38,62.00,58.63,61.56,2528000
000619,60.88,69.13,60.88,67.00,4388400
000620,71.00,72.25,70.25,72.25,5937300
000621,71.25,71.88,69.88,71.13,2427000
000622,73.63,73.88,68.00,68.31,2699300
000623,69.38,71.69,67.75,68.25,2040400
000626,68.25,69.50,66.25,68.50,2137500
000627,68.00,69.69,62.56,63.50,3041800
000628,62.00,64.81,61.63,62.05,2698000
000629,60.50,60.81,56.88,58.13,4364900
000630,58.25,59.94,56.73,56.75,3225500
000703,57.00,58.75,57.00,58.13,1234800
000705,51.06,52.94,49.50,49.94,5656000
000706,50.13,51.25,47.38,49.50,7360500
000707,51.50,54.81,50.31,53.00,4847000
000710,53.38,54.63,51.94,52.94,2747200
000711,53.06,54.06,48.50,50.00,4288300
000712,51.63,53.50,49.25,51.94,3479400
000713,53.44,55.13,52.63,54.31,2904800
000714,55.75,55.88,52.69,53.31,2804800
000717,53.56,56.88,52.00,56.25,2180000
000718,54.50,54.88,51.88,52.69,2698700
000719,53.25,53.25,48.50,49.00,3273000
000720,48.50,50.00,43.88,45.13,5713500
000721,44.94,45.25,41.25,42.25,5593700
000724,42.25,43.94,41.50,42.75,3286000
000725,44.25,45.00,42.25,44.13,3146300
000726,42.00,42.00,38.63,39.88,6004900
000727,38.50,38.63,34.00,35.75,8741500
000728,36.00,38.50,34.44,35.44,6060500
000731,36.13,37.19,35.44,36.13,3483800
000801,36.00,36.00,34.00,34.44,2834500
000802,34.50,36.00,33.19,33.88,3783800
000803,31.75,34.38,31.25,33.81,4150800
000804,35.00,35.50,32.81,33.81,3239700
000807,33.94,34.88,33.13,34.25,2569400
000808,33.50,34.75,32.63,33.25,2022400
000809,34.13,36.38,34.06,35.31,3328500
000810,35.88,36.38,34.50,36.06,3637900
000811,35.25,36.19,33.56,36.13,3354300
000814,37.00,38.19,36.25,38.00,2995400
000815,39.25,41.00,39.06,41.00,5157900
000816,41.25,43.50,41.13,42.00,7074600
000817,41.88,43.19,40.81,42.06,2998400
000818,43.81,45.75,43.50,45.44,5450700
000821,45.50,45.94,42.38,43.00,3342900
000822,43.63,45.31,43.50,45.00,2496500
000823,44.63,45.00,42.63,44.88,2533100
000824,44.00,44.38,42.63,44.00,3095900
000825,44.00,44.00,42.31,42.63,1238300
000828,42.63,42.88,40.38,40.75,3174400
000829,41.25,41.94,40.13,40.38,2373200
000830,40.75,43.19,40.50,43.00,3892400
000831,42.63,45.00,42.63,44.50,3374300
000901,45.38,45.38,43.63,44.50,3124900
000905,44.88,47.25,44.88,46.50,3765500
000906,46.00,46.06,44.13,44.50,4487500
000907,45.75,47.94,44.25,47.31,7698000
000908,47.25,47.50,44.38,45.75,4325100
000911,45.31,46.94,44.25,46.75,4038300
000912,46.00,46.75,43.06,43.50,2944000
000913,42.88,43.94,42.13,43.50,3066600
000914,44.75,45.50,44.13,44.19,2582000
000915,44.25,45.19,42.75,42.75,2459000
000918,44.13,44.50,41.63,41.69,2180200
000919,42.25,44.69,41.94,44.50,2539300
000920,44.88,45.19,42.19,44.25,2789900
000921,44.44,44.44,38.06,38.50,1932800
000922,40.00,42.19,39.06,42.00,3340900
000925,42.63,43.50,40.06,40.06,1993300
000926,41.00,42.56,40.25,40.50,2825200
000927,43.25,43.38,39.63,40.13,2638700
000928,40.31,42.38,40.25,41.50,2170400
000929,40.75,41.38,40.13,40.75,2249600
001002,40.38,41.50,37.56,38.75,2735700
001003,39.38,40.19,37.00,37.31,2548000
001004,37.63,39.44,37.38,39.13,2420600
001005,38.94,38.94,36.63,36.88,2218000
001006,36.75,37.88,35.06,35.13,2606900
001009,36.13,37.50,34.13,37.13,1967300
001010,35.63,35.88,32.31,34.56,4714500
001011,33.50,35.88,32.50,34.00,4391800
001012,36.00,36.50,32.75,33.13,3015400
001013,33.63,36.75,33.56,36.44,3029400
001016,36.25,36.31,34.25,35.19,3091800
001017,35.19,35.19,32.06,32.50,3177500
001018,31.06,33.50,28.00,31.63,5979000
001019,33.63,36.25,33.44,36.06,4612100
001020,34.75,36.50,34.63,36.13,3367600
001023,36.13,37.50,35.56,36.94,3586100
001024,24.13,25.50,23.88,24.25,18708600
001025,24.06,24.69,22.38,22.81,7904400
001026,23.38,23.69,22.00,22.81,6322500
001027,23.00,23.63,21.94,22.31,4901600
001030,22.31,24.19,22.31,24.06,3940300
001031,24.06,26.63,24.06,26.00,6628700
001101,25.00,25.75,24.56,25.06,4209700
001102,25.50,26.00,24.56,24.75,3281200
001103,25.25,25.25,24.19,24.31,2282100
001106,24.63,25.25,23.75,24.06,2365100
001107,24.38,24.38,22.69,23.00,3315600
001108,23.38,23.50,22.00,22.06,2885900
001109,22.06,22.69,21.50,21.88,3246700
001110,21.50,21.56,20.38,20.50,2545400
001113,19.88,21.75,19.69,21.00,4188000
001114,21.63,21.94,21.25,21.25,2524300
001115,21.63,23.88,21.50,23.38,3799200
001116,22.25,23.13,21.94,22.25,1988600
001117,21.56,22.94,21.56,22.50,2401700
001120,22.50,23.44,21.63,22.13,2221800
001121,22.13,23.19,21.31,21.69,2639800
001122,21.25,22.19,20.25,20.94,3268800
001124,21.75,22.88,21.56,22.31,1280100
001127,23.00,23.19,21.50,21.75,2754800
001128,21.63,21.63,19.69,19.69,4246500
001129,20.44,20.50,19.13,19.94,3135800
001130,19.13,19.13,17.13,18.56,5555000
001201,18.50,20.13,18.00,18.00,3140800
001204,19.63,20.63,19.19,19.75,2825800
001205,20.25,22.06,20.00,22.00,2699900
001206,21.38,22.25,19.69,20.00,3495500
001207,18.50,20.31,17.81,18.88,7105200
001208,21.44,22.75,21.38,22.50,4239300
001211,22.50,25.00,22.00,24.94,3823400
001212,24.13,24.19,23.19,23.50,1990500
001213,23.50,23.88,22.25,22.31,2366500
001214,22.38,23.19,22.25,22.44,1359300
001215,22.25,22.25,20.75,21.56,2156500
001218,22.25,22.50,20.19,20.38,2074200
001219,20.94,23.50,20.69,21.25,2586600
001220,20.50,21.25,20.00,20.13,2626100
001221,20.00,21.69,19.19,19.25,3026500
001222,20.00,20.50,19.63,19.88,3401800
001226,20.06,20.81,19.75,20.31,1774500
001227,20.00,21.19,19.88,20.25,3120100
001228,20.00,20.56,20.00,20.25,2360800
001229,20.44,20.88,19.63,20.13,3067500
010102,20.00,21.19,20.00,20.06,2041500
010103,20.31,23.63,19.75,22.75,3294000
010104,22.50,26.69,22.44,25.31,5118400
010105,26.00,26.00,23.31,24.13,2813000
010108,23.38,24.25,22.31,23.50,2290600
010109,24.19,25.13,23.56,24.56,1881100
010110,23.75,25.69,23.25,24.81,3547900
010111,24.63,27.25,24.38,27.00,3931700
010112,26.63,28.19,25.81,26.25,2300900
010116,26.75,26.88,24.56,25.25,1679100
010117,26.75,28.50,26.56,27.31,3110000
010118,26.88,29.31,26.44,28.88,3416200
010119,28.94,29.38,27.94,27.94,2758500
010122,28.38,28.56,27.19,27.63,1297300
010123,27.63,28.69,26.75,28.19,1089700
010124,27.88,28.13,26.69,27.38,2135500
010125,27.50,27.94,25.56,25.94,1543200
010126,25.13,26.75,25.13,26.19,1220300
010129,26.00,27.64,25.61,27.01,1533800
010130,27.99,28.80,27.01,28.01,1398700
010131,28.45,29.41,27.80,28.70,2518700
010201,28.60,28.60,26.88,27.31,1839500
010202,26.25,26.99,24.75,24.75,3628400
010205,24.70,24.82,23.15,23.27,2426600
010206,23.80,24.80,23.75,23.91,1595900
010207,23.92,24.45,23.01,23.01,1479800
010208,23.95,24.03,23.01,23.36,1407800
010209,23.05,23.98,22.50,22.85,2249800
010212,22.90,24.24,22.75,23.95,2200200
010213,24.02,25.01,23.55,23.55,2222600
010214,23.75,25.15,23.60,24.73,2439300
010215,26.00,27.75,26.00,26.56,3251800
010216,25.30,25.50,23.70,24.10,2839900
010220,24.50,24.50,22.00,22.20,2727600
010221,22.21,24.00,22.09,22.15,2481000
010222,22.80,23.90,21.87,22.69,2841500
010223,22.69,23.00,21.54,22.80,2530000
010226,23.40,23.40,21.80,22.50,2059400
010227,22.20,22.69,21.33,21.45,2203800
010228,21.52,21.52,19.95,20.42,2685600
010301,20.30,21.80,19.71,21.71,3291200
010302,20.90,23.74,20.80,22.81,3917500
010305,23.35,24.05,23.26,23.50,2034600
010306,24.02,25.37,24.02,25.09,3803100
010307,25.15,25.31,24.60,24.84,2911700
010308,24.70,26.20,23.80,25.25,3791700
010309,24.60,24.61,23.20,23.32,2665500
010312,22.00,24.86,22.00,23.25,3540500
010313,23.05,25.02,22.70,24.85,3155900
010314,23.95,25.90,23.57,24.85,3865100
010315,25.95,25.99,24.00,24.15,2470200
010316,23.90,24.65,23.20,23.52,2594200
010319,23.60,25.03,23.20,24.99,1860400
010320,25.90,27.10,25.00,25.17,3708400
010321,25.40,26.73,24.95,25.31,3266400
010322,26.45,28.75,25.41,28.30,5542800
010323,30.10,30.90,28.43,29.65,7547100
010326,29.66,29.95,28.00,28.88,3509800
010327,28.00,29.78,27.80,28.90,3177900
010328,28.90,29.30,26.00,26.00,6222700
010329,26.00,28.56,25.76,28.05,4948000
010330,27.15,27.49,26.25,26.75,4673000
010402,26.00,27.10,23.45,24.26,5551800
010403,23.72,25.25,23.65,24.20,5684300
010404,23.50,23.85,20.99,22.17,7489500
010405,23.05,24.45,22.80,24.45,4887200
010406,23.85,23.85,22.11,22.34,3843800
010409,22.34,22.96,21.45,21.84,3074600
010410,21.84,23.98,21.77,23.40,4798500
010411,26.75,27.50,24.52,25.25,6166700
010412,25.05,27.56,24.50,26.75,4010600
010416,26.10,26.70,25.30,26.20,2847700
010417,25.95,27.03,25.22,25.97,3811200
010418,27.15,30.97,27.00,29.05,5512300
010419,28.90,29.70,28.12,29.50,3830800
010420,30.20,30.20,28.61,29.30,2754800
010423,28.50,28.50,27.42,27.66,1818700
010424,27.75,28.48,26.55,26.55,3479800
010425,27.22,28.59,26.55,28.14,2631400
010426,28.75,28.92,26.75,26.75,2625800
010427,28.50,28.64,27.28,28.14,2117200
010430,28.14,29.21,28.14,28.80,2578100
010501,28.20,28.74,27.15,28.50,2173700
010502,29.00,29.30,28.31,28.43,1902200
010503,28.00,28.14,27.21,27.53,1530600
010504,26.90,27.50,26.15,26.50,3111900
010507,27.35,27.38,26.10,26.19,2110300
010508,27.05,27.35,24.60,25.00,5380600
010509,23.50,27.47,23.50,25.00,4946800
010510,25.50,25.95,25.30,25.52,2579600
010511,24.70,25.75,24.58,25.00,2673700
010514,24.75,24.75,23.10,23.73,2439800
010515,23.99,24.73,23.45,23.88,2546400
010516,24.15,25.70,23.67,24.95,3428400
010517,25.25,26.25,25.14,26.00,2320300
010518,26.01,26.34,25.38,26.11,2291700
010521,26.25,28.54,25.98,28.51,2996800
010522,28.45,29.50,27.80,28.99,3463400
010523,28.10,28.65,27.54,28.25,3284300
010524,27.50,28.45,27.50,28.35,3481600
010525,28.00,28.96,27.99,28.12,997600
010529,27.65,28.06,27.28,27.50,3582400
010530,26.35,26.50,25.10,25.61,3569300
010531,25.61,26.69,25.61,26.52,1946000
010601,26.60,27.24,26.33,26.90,3080000
010604,27.10,27.33,26.32,26.85,1285400
010605,27.15,29.05,27.15,28.70,2370000
010606,28.69,29.04,27.61,27.97,2261500
010607,28.05,31.20,28.00,31.04,7611700
010608,30.90,30.90,28.75,29.13,3730900
010611,28.89,28.90,27.60,27.93,2752500
010612,27.03,28.48,26.49,27.90,2978500
010613,28.10,28.35,26.50,26.75,2401600
010614,26.75,27.45,26.16,26.50,2397400
010615,25.45,27.43,25.30,26.91,3635100
010618,27.30,27.73,26.30,26.47,1720100
010619,27.75,28.00,26.00,26.14,1947100
010620,25.70,26.40,25.01,26.30,2064200
010621,25.90,26.69,25.25,25.99,1667400
010622,25.40,26.82,25.38,25.84,1327900
010625,26.20,26.90,26.01,26.74,988800
010626,26.05,27.04,25.83,26.93,1829600
010627,26.80,27.36,26.30,26.88,1170800
010628,27.50,28.30,27.35,27.65,1947900
010629,27.50,29.20,27.45,29.12,2520700
010702,28.00,29.45,27.81,28.95,1757300
010703,28.91,29.54,28.61,29.50,950300
010705,28.40,29.01,28.16,28.83,1408500
010706,28.45,28.47,26.27,26.30,1860600
010709,26.00,26.69,25.75,26.16,1707900
010710,26.40,26.74,25.02,25.29,1945800
010711,25.03,26.05,24.86,25.86,1723000
010712,26.40,27.81,26.35,27.65,1590100
010713,27.40,28.55,27.17,28.01,1711400
010716,28.01,28.30,26.77,27.14,1583100
010717,26.75,27.89,26.25,27.89,1432800
010718,27.35,27.85,26.50,26.63,1040800
010719,27.15,28.66,27.15,28.10,1693800
010720,28.00,28.01,27.30,27.78,1461800
010723,27.95,28.23,26.53,26.89,1056600
010724,26.97,27.61,26.40,26.65,1241400
010725,26.80,27.09,26.04,26.90,1349300
010726,27.00,30.10,26.90,30.08,3314000
010727,30.75,31.38,30.61,30.66,4101700
010730,30.95,31.25,29.85,30.80,2844800
010731,30.99,33.13,30.40,32.05,4282300
010801,33.15,34.45,33.08,33.75,4654500
010802,34.05,34.97,33.84,34.93,4646000
010803,34.43,34.56,33.60,33.80,2582500
010806,33.05,33.70,32.91,33.70,2007700
010807,33.50,33.50,32.60,33.21,1881500
010808,32.72,34.00,31.31,31.55,2158000
010809,31.45,32.31,31.15,32.21,1578400
010810,32.29,33.00,31.29,32.30,1794700
010813,33.20,33.20,31.98,32.66,2026800
010814,32.85,33.70,32.35,33.41,2034100
010815,33.41,33.74,31.95,31.98,1572900
010816,31.91,32.65,31.04,32.38,2031900
010817,31.00,31.45,30.30,30.64,1921100
010820,30.65,32.15,30.60,31.88,1456300
010821,31.88,31.92,30.11,30.12,1203300
010822,30.74,32.50,30.52,32.03,2742000
010823,32.40,32.59,31.62,31.70,1899200
010824,32.10,33.70,31.90,33.62,1669200
010827,33.45,35.10,33.33,34.95,3271400
010828,34.95,35.10,33.54,33.56,2243200
010829,34.05,34.28,32.36,32.52,2082900
010830,32.52,33.10,31.25,32.23,2039800
010831,32.23,33.74,31.86,33.05,2075500
010904,33.00,33.45,31.53,31.68,2327500
010905,31.50,31.51,28.94,30.22,4127100
010906,29.00,31.64,29.00,30.21,5202900
010907,30.30,32.25,30.22,31.61,3921100
010910,31.62,32.62,30.63,31.05,2823500
010917,29.50,29.92,27.97,28.04,2641000
010918,28.05,28.98,26.50,26.55,1559200
010919,26.56,27.30,23.65,26.49,3966300
010920,25.50,27.00,23.00,24.00,3172400
010921,21.20,23.40,21.10,22.50,5583700
010924,23.50,25.47,23.12,24.50,2416800
010925,24.90,25.90,23.90,24.95,2033200
010926,20.73,24.80,20.73,22.86,2628800
010927,22.25,22.50,19.70,20.63,6032000
010928,20.64,22.45,20.64,22.00,4208800
011001,21.35,22.00,20.70,20.98,2767400
011002,21.00,21.31,20.30,20.85,3419600
011003,20.45,24.00,20.30,23.00,4135800
011004,23.50,25.25,23.10,24.88,4210900
011005,24.20,24.44,22.58,23.82,2750500
011008,23.66,25.10,23.00,25.08,2059400
011009,24.70,24.85,23.51,23.63,1829100
011010,23.45,25.82,23.45,25.65,2016400
011011,26.20,28.77,26.20,28.37,4300100
011012,27.18,28.25,26.34,27.79,2349600
011015,27.20,27.50,25.87,26.99,2055000
011016,26.86,27.50,26.20,27.35,2546500
011017,28.00,28.00,25.80,25.96,1891000
011018,25.96,25.96,24.83,25.56,1973100
011019,25.25,26.49,24.81,26.26,1593300
011022,26.03,27.50,25.51,27.21,1357200
011023,27.24,28.18,26.63,27.09,1511700
011024,27.10,28.13,26.86,27.90,1808800
011025,27.05,28.94,26.36,28.84,2151700
011026,28.60,29.29,28.34,28.47,2183400
011029,28.27,28.35,25.71,26.01,2274900
011030,25.50,26.05,24.70,25.00,2779300
011031,26.75,27.09,25.90,25.98,3127000
011101,26.25,27.50,25.84,27.45,3931000
011102,27.68,28.38,27.00,28.25,3021300
011105,28.43,29.54,28.43,29.30,3685000
011106,29.30,30.26,28.90,30.10,3609500
011107,30.00,30.48,29.66,30.11,2954000
011108,30.30,31.41,29.40,29.52,3387100
011109,29.50,30.15,29.13,29.35,2873700
011112,29.00,30.38,28.61,29.98,1565100
011113,30.55,31.75,30.15,31.45,3856700
011114,31.75,32.65,31.00,32.46,5229800
011115,32.00,33.80,31.62,33.08,5589600
011116,33.12,33.45,32.54,32.85,2989300
011119,33.00,33.01,31.30,32.10,3344700
011120,31.50,31.79,30.58,30.66,1767000
011121,30.66,30.66,29.40,30.41,2721900
011123,30.60,31.22,30.02,31.12,938900
011126,31.35,32.34,31.35,31.90,2153100
011127,31.40,32.30,30.71,31.54,2195300
011128,31.45,31.78,30.30,30.39,1716000
011129,30.55,31.75,30.27,31.75,1425800
011130,31.40,31.41,30.10,30.13,2740200
011203,30.20,30.60,29.28,29.40,2962000
011204,30.00,31.46,29.91,31.35,1978900
011205,31.50,33.20,31.50,32.62,3804300
011206,32.40,34.75,31.47,34.60,7686600
011207,34.75,34.91,33.00,33.89,3280400
011210,34.00,34.39,32.50,32.85,2166900
011211,33.50,33.75,32.60,33.24,2222200
011212,33.67,34.38,33.43,33.95,2365400
011213,33.20,33.48,32.50,32.60,1771100
011214,32.61,33.46,32.48,33.25,1694900
011217,33.25,33.97,32.94,33.69,1448300
011218,33.65,34.22,33.47,33.90,1677400
011219,32.65,33.10,31.00,31.15,3467000
011220,31.51,31.60,29.37,29.85,3387600
011221,30.10,30.70,29.80,30.17,2391400
011224,30.60,30.60,29.66,29.75,558200
011226,30.15,31.35,30.04,30.35,1197100
011227,30.85,31.40,30.85,31.28,1183100
011228,31.78,31.95,31.25,31.61,774100
011231,31.50,31.65,30.64,30.79,1815400
020102,31.10,31.93,31.00,31.93,1849200
020103,32.50,34.69,32.50,34.59,3337000
020104,34.64,34.90,33.20,33.97,2446400
020107,34.04,34.44,32.70,33.12,1399100
020108,33.00,33.50,32.71,33.00,1502400
020109,33.25,33.74,32.26,32.70,2362800
020110,32.30,32.40,31.77,32.00,1527400
020111,31.80,32.44,30.98,31.13,1973900
020114,30.95,31.30,30.10,30.28,2658100
020115,30.29,30.89,29.70,30.00,2300700
020116,29.40,30.18,29.10,29.10,2080500
020117,29.78,29.99,28.67,29.02,2963800
020118,28.10,28.50,27.60,27.95,2478000
020122,27.80,28.05,25.95,26.11,3536200
020123,26.10,27.11,26.01,26.35,4129200
020124,26.50,28.19,26.50,27.90,3072200
020125,27.25,27.92,27.11,27.89,2470000
020128,28.10,28.88,28.05,28.42,1665000
020129,29.47,29.72,27.56,27.74,3445900
020130,27.74,28.70,26.92,28.70,2204100
020131,28.80,29.05,27.76,28.21,2449300
020201,27.69,28.25,27.18,27.52,2335800
020204,28.05,28.13,26.90,27.08,1994600
020205,26.90,27.28,26.22,26.71,1863200
020206,27.10,27.50,25.92,26.00,2963900
020207,26.30,26.59,25.20,25.40,2616500
020208,26.30,26.45,25.48,26.28,2947100
020211,26.79,27.65,26.61,27.15,3349700
020212,26.77,27.60,25.49,27.05,1791200
020213,27.60,28.15,26.85,28.09,1971500
020214,27.90,29.10,27.90,28.35,2439200
020215,28.20,28.84,27.15,27.27,1613100
020219,26.90,27.06,25.96,26.24,1785100
020220,26.10,26.67,25.20,26.45,2627300
020221,25.95,26.05,25.03,25.05,2388400
020222,25.19,25.65,25.05,25.21,2343300
020225,25.60,27.00,25.60,26.65,1416100
020226,26.80,26.94,25.70,25.92,1720100
020227,26.25,26.70,25.77,26.09,1964800
020228,26.30,26.55,24.93,25.15,1498800
020301,25.77,28.46,25.15,28.46,3021900
020304,28.70,31.85,28.47,31.20,5245600
020305,30.75,32.20,30.75,32.06,3714400
020306,31.52,31.75,30.65,31.61,3204200
020307,31.62,33.21,30.84,32.96,4663600
020308,33.75,34.89,33.40,34.87,5168800
020311,34.49,34.95,33.43,34.20,3126300
020312,33.00,33.65,32.35,33.50,3111400
020313,32.95,32.96,31.27,31.80,2674000
020314,31.80,32.86,31.67,32.28,1848000
020315,32.25,33.18,32.04,32.96,1578500
020318,33.45,34.44,33.45,33.64,1557300
020319,33.69,34.75,33.47,34.30,1877800
020320,33.65,33.97,33.20,33.75,2171300
020321,33.40,34.29,33.06,34.18,1772700
020322,34.19,34.65,33.50,34.00,1574500
020325,34.01,34.48,32.61,32.62,1541000
020326,32.62,33.68,32.58,33.26,1838200
020327,33.40,33.40,32.50,32.90,1187000
020328,33.00,34.00,33.00,33.69,1393900
020401,32.90,34.46,32.68,34.25,1406500
020402,33.65,33.77,32.92,32.98,1381800
020403,32.98,33.40,31.25,31.79,2408000
020404,31.79,33.00,31.52,32.47,1994200
020405,32.75,33.05,32.06,32.26,1242400
020408,31.25,32.33,30.68,32.25,1979400
020409,32.40,33.19,31.50,31.52,1615400
020410,31.52,32.40,30.90,32.16,2318300
020411,32.16,32.49,31.51,31.56,2004200
020412,32.05,32.68,31.95,32.62,2296000
020415,32.62,33.70,32.45,33.40,2066600
020416,34.20,36.25,34.20,36.24,4838600
020417,36.60,37.30,36.05,36.47,4179600
020418,36.20,36.30,34.79,35.36,2805700
020419,35.65,35.65,34.40,34.90,1999200
