990521,43.98,44.23,42.01,42.62,8182700
990524,43.36,43.49,41.52,42.19,6423600
990525,42.32,42.56,41.08,41.76,7335900
990526,41.58,42.38,40.90,42.32,8274100
990527,41.52,41.88,40.41,40.53,7760600
990528,40.96,42.25,40.71,42.01,5692700
990601,42.07,42.81,41.58,42.81,6995500
990602,42.75,43.73,42.07,43.73,6623900
990603,44.35,45.52,44.04,44.84,10474700
990604,45.33,45.83,44.90,45.33,5544400
990607,44.72,45.09,44.23,45.09,4622700
990608,44.60,44.84,43.67,43.73,4567400
990609,43.73,44.04,43.30,43.49,4532900
990610,43.12,43.24,42.01,42.50,5244400
990611,42.50,43.12,41.76,42.07,4866500
990614,42.38,42.69,42.19,42.50,4037400
990615,42.87,43.12,41.76,41.88,6535800
990616,42.98,43.97,42.92,43.78,5609200
990617,43.11,43.91,42.98,43.04,5129600
990618,42.61,43.17,42.24,43.17,10103500
990621,42.92,44.89,42.80,44.46,6274000
990622,44.59,44.89,43.78,44.34,5067400
990623,44.40,44.46,43.11,43.78,4479300
990624,43.04,43.29,42.12,42.74,6128200
990625,43.17,43.66,42.80,42.86,3669300
990628,43.41,45.14,43.23,44.96,5609200
990629,45.33,46.25,44.89,46.19,5876200
990630,45.94,47.85,44.77,47.61,8998000
990701,47.30,47.67,46.31,47.11,6724400
990702,47.48,48.41,47.30,48.10,4939000
990706,48.22,50.32,48.22,48.53,7154700
990707,49.33,49.33,47.30,47.36,6262800
990708,46.37,47.79,45.63,46.37,7890100
990709,46.81,47.36,46.68,47.30,4067200
990712,47.73,47.73,46.44,46.81,3241100
990713,46.62,47.11,46.07,46.93,4339100
990714,47.11,47.36,46.87,46.99,3043100
990715,47.42,47.67,46.74,46.87,3970000
990716,46.81,47.36,46.62,47.36,4077500
990719,47.36,47.92,46.99,47.42,4332300
990720,47.48,47.61,45.88,46.25,5639900
990721,46.07,46.37,44.83,44.83,5942400
990722,45.14,45.57,43.78,44.59,5415300
990723,44.71,45.33,43.97,44.34,3684500
990726,44.03,45.57,43.91,45.02,3914900
990727,45.20,45.39,44.40,44.96,4335700
990728,44.40,44.71,44.03,44.46,3725400
990729,43.41,43.85,42.43,43.41,6107600
990730,43.66,43.78,41.69,41.69,6541500
990802,41.75,42.92,41.44,41.81,5580600
990803,42.00,42.30,40.76,41.38,5526100
990804,40.76,40.89,40.27,40.39,6211200
990805,40.52,40.82,38.36,40.82,8057500
990806,40.33,41.50,39.65,40.70,5416000
990809,40.52,40.52,39.53,39.65,4658400
990810,40.21,42.86,39.34,42.30,11706800
990811,43.04,43.85,42.74,42.80,8029000
990812,43.41,44.22,43.35,43.78,6177400
990813,44.34,44.59,43.97,44.22,6839400
990816,44.15,45.39,43.48,45.39,5220200
990817,45.94,46.37,44.89,46.31,6341800
990818,46.37,46.74,45.70,45.76,5237800
990819,45.39,45.45,44.28,45.45,4451300
990820,45.82,46.31,45.45,46.07,4042500
990823,46.25,47.18,46.19,47.11,5448000
990824,46.99,47.42,46.37,46.93,4652100
990825,46.31,47.79,45.26,47.73,7112100
990826,47.36,47.48,46.13,46.68,4295900
990827,46.50,46.68,45.51,46.07,3843000
990830,46.25,46.37,44.83,44.89,3630500
990831,45.33,45.33,43.04,43.72,5459300
990901,43.72,44.65,43.35,44.40,4822400
990902,43.41,45.20,42.98,45.08,5377700
990903,46.19,46.93,45.51,46.93,5704000
990907,46.81,46.81,45.63,45.63,3287800
990908,45.39,46.50,45.14,46.50,4001500
990909,46.13,46.93,45.63,46.87,4500100
990910,47.24,47.30,46.25,47.05,4673000
990913,46.50,47.36,46.31,47.36,3440500
990914,46.93,47.24,46.25,46.31,3768100
990915,47.04,47.41,44.82,44.94,6166500
990916,45.00,45.25,44.02,44.76,5519900
990917,45.37,46.24,45.00,46.05,6945500
990920,45.99,46.67,45.62,45.62,3053600
990921,44.45,45.50,44.20,45.19,5844200
990922,45.25,47.10,45.00,46.67,5396500
990923,47.04,47.23,46.05,46.12,5696900
990924,45.99,46.92,45.62,45.93,6339600
990927,46.42,46.86,45.74,45.74,5204700
990928,45.68,46.55,45.13,46.36,5213700
990929,46.18,46.18,45.00,45.07,4894100
990930,45.56,47.41,45.50,46.98,6599200
991001,47.41,47.78,46.98,47.72,6477200
991004,48.34,49.82,48.21,49.70,7629100
991005,49.70,51.98,49.33,50.62,9211600
991006,49.94,51.05,49.26,50.75,7048300
991007,50.75,50.87,50.07,50.68,4454400
991008,51.24,54.70,51.05,54.70,9488400
991011,54.14,54.33,53.28,53.28,6749900
991012,53.28,53.77,52.54,53.21,4934900
991013,52.91,53.15,50.62,50.68,6068700
991014,50.62,52.29,50.13,51.73,5331800
991015,51.24,51.61,50.13,50.19,6979200
991018,50.50,51.86,48.89,51.49,7225700
991019,51.98,52.72,51.61,52.04,5559200
991020,52.72,54.33,52.10,54.14,5603100
991021,53.52,54.26,52.66,54.20,5073700
991022,54.76,57.29,54.39,56.36,7534000
991025,55.25,56.24,54.82,55.25,6902500
991026,53.83,53.89,50.87,52.60,13657200
991027,52.10,52.66,50.87,52.35,7300700
991028,53.46,55.25,53.40,55.07,9089700
991029,56.24,57.78,55.62,55.62,9685800
991101,56.55,57.17,55.44,55.56,4778500
991102,55.62,56.42,54.94,55.44,4579600
991103,55.07,55.75,54.33,55.07,4081300
991104,55.81,56.30,55.19,55.31,4150600
991105,56.79,58.03,56.55,57.35,6239900
991108,57.78,58.46,57.60,57.78,4881400
991109,57.29,57.47,55.87,57.29,10026300
991110,57.29,57.78,56.42,56.42,6991200
991111,56.18,56.79,55.99,56.73,6290200
991112,57.23,58.15,56.18,58.15,5607700
991115,58.28,59.94,57.54,58.21,9037800
991116,58.77,59.63,58.03,59.14,6215300
991117,58.65,59.88,57.97,58.15,6465700
991118,58.46,59.02,57.78,58.65,5723900
991119,57.66,58.34,57.04,57.41,4987500
991122,56.49,56.55,55.44,56.05,6322600
991123,55.93,55.93,54.82,55.25,6477000
991124,55.81,57.78,55.75,57.23,5668800
991126,57.29,57.97,56.92,57.49,2297100
991129,57.78,58.65,57.29,58.28,4793000
991130,58.03,58.21,56.55,56.92,4376100
991201,56.98,58.28,56.98,57.86,5319400
991202,58.28,58.46,56.30,56.96,5285000
991203,57.47,58.52,57.23,58.34,6172000
991206,57.84,59.76,57.54,58.85,5449000
991207,59.08,59.39,57.29,57.29,6361700
991208,58.09,58.59,57.29,57.94,4600000
991209,57.78,61.49,56.92,61.49,8808100
991210,61.73,63.71,61.12,62.47,12595800
991213,64.70,68.34,63.96,67.17,9391000
991214,66.18,67.66,66.12,66.24,7505100
991215,66.23,66.29,64.37,65.25,7842800
991216,65.98,67.96,65.24,67.83,8487000
991217,68.02,68.08,64.00,64.25,14669900
991220,65.36,65.67,62.46,63.54,6330600
991221,63.26,64.93,62.83,64.07,4629900
991222,63.88,65.30,63.88,64.93,3752700
991223,66.23,67.22,65.98,66.60,3847300
991227,66.54,69.32,66.54,68.64,5231600
991228,67.83,69.38,67.77,68.51,3532000
991229,68.76,69.19,66.60,66.60,2517600
991230,67.34,68.76,67.03,67.03,2643900
991231,67.53,69.44,67.46,68.33,2112700
000103,67.59,68.20,64.75,66.04,8369900
000104,64.75,65.05,63.45,63.57,6745100
000105,63.14,63.63,61.47,62.27,7018700
000106,62.27,63.82,61.97,62.95,6544500
000107,63.76,68.14,63.76,67.71,7976900
000110,66.47,66.72,64.87,66.47,6714300
000111,66.29,66.97,64.87,65.49,4943300
000112,65.42,65.98,64.31,64.31,4085000
000113,65.24,65.36,64.25,64.37,5021000
000114,63.26,65.18,63.26,63.76,6312200
000118,62.46,65.67,62.34,64.81,6442200
000119,64.50,65.05,63.26,63.32,4819900
000120,63.69,63.76,61.78,62.64,5738100
000121,63.20,63.20,61.35,61.72,6952500
000124,62.71,62.71,56.84,58.69,7799900
000125,59.12,60.48,58.81,60.42,6403800
000126,60.42,61.35,59.31,61.22,4538400
000127,60.61,60.79,57.21,58.44,7323300
000128,58.20,58.20,52.88,54.49,14029400
000131,53.93,54.86,53.50,54.12,7972700
000201,54.37,58.81,54.30,58.01,8359000
000202,58.20,59.43,57.27,57.70,6034600
000203,57.70,58.13,55.60,57.70,6999000
000204,57.27,57.27,55.35,55.66,6549700
000207,55.97,55.97,54.00,55.11,6043700
000208,56.65,59.00,56.22,58.81,8576100
000209,59.31,59.43,56.65,57.15,8216600
000210,56.96,57.70,56.16,56.34,4591600
000211,56.78,56.84,54.98,55.42,4816700
000214,56.03,58.20,55.85,58.20,5803600
000215,56.28,57.33,54.37,57.33,9712100
000216,55.85,55.85,52.08,52.14,13585800
000217,52.33,52.88,47.45,47.82,24766700
000218,47.94,48.93,46.71,47.20,19394400
000222,48.68,48.74,46.21,47.57,12342600
000223,47.88,47.94,46.21,46.46,12874400
000224,46.46,47.32,42.94,47.32,19431900
000225,43.80,44.79,43.12,43.99,16908500
000228,44.05,46.40,44.05,45.66,17836100
000229,47.39,49.18,47.39,48.19,17197200
000302,52.14,52.27,49.86,49.98,15542700
000303,51.52,52.70,50.91,52.02,10790800
000306,52.02,52.08,48.06,49.92,10493600
000307,49.05,49.05,46.58,47.01,9724700
000308,46.77,48.74,45.10,47.76,10018700
000309,48.44,48.87,46.33,48.37,7944900
000310,49.18,49.18,46.89,47.39,7005500
000313,45.72,47.39,45.35,47.14,7727900
000314,46.46,48.25,45.78,47.20,9985000
000315,46.95,51.40,46.08,50.97,14670000
000316,51.77,54.99,51.09,54.06,19716000
000317,54.00,55.67,53.57,55.18,12637300
000320,55.24,55.24,52.83,54.56,6769100
000321,54.87,56.04,53.94,56.04,7854600
000322,55.92,55.92,53.44,54.81,9963500
000323,53.82,54.00,52.95,53.44,7025500
000324,53.88,55.12,53.44,54.93,7952900
000327,54.13,54.93,53.69,54.87,5774900
000328,54.00,55.36,53.94,53.94,5797600
000329,54.93,58.76,54.87,58.15,13596700
000330,59.14,60.13,58.27,58.39,11570800
000331,58.64,58.70,54.93,55.92,9054000
000403,56.04,61.36,56.04,60.56,11935700
000404,61.05,62.66,56.91,59.38,13675800
000405,58.70,59.51,56.97,57.65,7066000
000406,58.52,60.62,58.15,60.50,7254200
000407,60.62,61.36,60.00,60.87,4013100
000410,60.87,63.03,60.37,62.91,5521000
000411,62.23,62.85,60.87,62.72,5355400
000412,62.79,64.27,61.42,61.80,7243300
000413,61.67,61.67,58.89,59.44,7884500
000414,57.40,58.33,54.43,54.43,9372700
000417,54.56,55.80,51.22,53.44,9660500
000418,53.44,55.73,52.58,53.32,7661200
000419,53.57,54.93,53.20,54.37,6255300
000420,54.56,57.34,54.56,57.09,6090400
000424,57.34,60.00,56.91,58.27,5633700
000425,57.47,60.13,56.97,59.07,6038300
000426,59.57,60.13,57.71,58.15,5202000
000427,57.03,57.84,55.92,57.09,5515000
000428,56.23,56.72,54.81,54.81,5012600
000501,55.80,58.21,55.61,57.34,5109000
000502,56.72,57.22,56.10,57.03,4821500
000503,53.69,53.94,52.21,52.89,10457300
000504,53.38,53.38,49.92,50.48,10766900
000505,49.67,52.33,49.67,50.78,8640000
000508,50.72,51.84,48.99,51.84,7626100
000509,53.82,54.31,51.96,52.46,8888200
000510,52.89,56.54,52.46,56.10,11245300
000511,56.35,56.48,54.43,55.42,6105300
000512,55.18,56.60,54.74,56.23,4371000
000515,55.67,56.72,54.93,56.41,4272300
000516,56.85,58.46,56.60,57.40,6378700
000517,56.10,56.17,54.87,55.80,4592300
000518,55.67,57.34,55.61,57.34,4887900
000519,55.55,58.15,55.55,56.48,6357700
000522,57.09,57.09,55.61,56.79,4628100
000523,56.97,57.77,56.23,56.60,4291000
000524,54.68,56.41,52.21,56.29,10341500
000525,55.24,56.10,53.51,54.43,4619200
000526,53.69,54.43,52.58,53.44,3996400
000530,52.52,53.57,52.15,52.83,4352700
000531,54.31,59.38,53.94,57.03,7658900
000601,56.54,57.09,55.67,56.41,4786400
000602,58.27,59.44,57.47,58.46,7088100
000605,58.70,59.14,58.15,58.70,4360400
000606,58.21,58.21,57.16,57.65,4440100
000607,57.16,58.46,57.16,57.28,3424600
000608,57.22,57.40,55.73,56.29,3993100
000609,56.85,57.40,53.38,53.44,7283100
000612,53.44,53.82,51.28,52.21,8089200
000613,51.53,54.43,51.09,54.43,7711700
000614,54.43,55.18,53.63,54.62,6686800
000615,54.56,55.67,54.31,54.99,5682300
000616,54.25,55.61,52.76,53.38,9569700
000619,53.19,54.49,52.33,53.87,6001700
000620,53.75,54.18,52.64,54.00,6063800
000621,54.06,54.06,52.88,53.44,4287300
000622,52.57,52.95,51.40,52.02,5667800
000623,53.19,53.94,52.39,53.26,6269600
000626,53.69,54.18,53.26,53.26,3924700
000627,53.63,56.91,53.26,56.29,6554400
000628,55.98,56.66,55.18,55.47,4824100
000629,54.80,54.87,53.07,53.63,5290900
000630,53.63,57.20,53.57,57.09,7622200
000703,56.72,56.85,55.61,56.35,2577300
000705,56.79,57.40,56.04,56.48,5139800
000706,57.40,57.90,56.29,56.97,5757800
000707,57.40,61.49,56.79,61.00,10513400
000710,60.81,62.36,60.13,60.69,8233700
000711,60.50,62.17,60.25,61.43,5897600
000712,61.49,61.62,60.07,60.44,5833600
000713,59.94,60.62,58.58,58.58,4302600
000714,59.26,60.38,58.83,58.95,4184100
000717,59.76,60.69,59.08,60.16,4610700
000718,60.38,60.56,59.20,59.51,3592100
000719,59.63,59.94,58.83,59.45,3736400
000720,59.39,60.25,59.01,59.45,4986800
000721,59.76,59.94,58.70,59.14,3911000
000724,58.46,58.64,56.66,56.91,5045800
000725,56.97,58.77,56.79,58.64,4122000
000726,57.65,59.57,57.65,58.21,7322100
000727,58.83,59.76,58.46,59.51,4744800
000728,59.26,59.39,56.72,58.15,5247600
000731,58.33,58.33,53.75,54.74,7534300
000801,53.50,54.43,52.51,54.00,9055300
000802,54.00,54.56,53.32,53.57,6734800
000803,55.98,55.98,52.95,53.38,8229100
000804,53.57,53.57,52.26,52.45,5842400
000807,52.64,55.42,52.51,54.62,5605200
000808,55.92,57.09,54.56,57.09,5859800
000809,53.57,54.25,52.45,53.13,17750700
000810,52.64,52.76,50.22,50.53,12380600
000811,50.96,51.89,50.65,51.65,7534100
000814,51.77,52.57,51.65,52.39,6032800
000815,51.40,52.08,50.78,51.09,7953000
000816,50.28,50.41,48.30,49.48,13811000
000817,49.11,49.97,48.18,49.54,6799800
000818,49.23,50.41,49.11,50.41,7349300
000821,48.80,49.29,46.69,48.55,14148700
000822,48.55,49.54,48.12,48.67,7610900
000823,49.29,49.73,48.61,48.67,6875700
000824,49.29,49.66,48.55,48.98,4967300
000825,49.17,50.04,48.80,50.04,4877100
000828,49.60,50.16,48.18,49.04,7003200
000829,49.04,49.48,48.43,48.98,5665100
000830,48.43,48.55,47.56,47.99,8155500
000831,47.87,48.30,46.69,47.19,12236200
000901,47.12,48.67,46.94,48.30,7661500
000905,48.49,49.73,48.36,49.29,8031000
000906,49.79,50.65,49.42,49.54,8310400
000907,50.72,51.58,50.04,50.53,8400600
000908,51.03,52.14,50.53,51.65,7380600
000911,52.26,54.25,52.20,53.87,9844600
000912,53.07,54.12,52.45,53.50,6351100
000913,53.81,54.00,52.57,53.44,4981600
000914,53.19,53.19,51.45,52.07,4711600
000915,51.89,52.51,51.02,51.58,8109100
000918,50.59,52.26,50.22,50.71,5211600
000919,50.22,50.46,48.85,49.47,8573700
000920,49.53,49.60,47.67,48.11,9882700
000921,48.29,50.96,48.23,49.60,8645500
000922,51.52,51.52,49.16,50.09,6726300
000925,50.22,50.28,48.54,48.60,5466000
000926,49.04,49.04,46.50,46.99,9409100
000927,47.24,47.98,46.74,47.74,7582800
000928,48.05,49.47,47.61,48.17,8137800
000929,48.11,49.10,47.61,47.74,7532900
001002,47.80,48.23,45.07,45.88,11174600
001003,45.81,46.00,43.77,45.44,16548400
001004,45.32,47.49,45.13,45.75,11085200
001005,46.00,46.37,45.38,45.69,8732500
001006,45.50,45.50,44.26,45.13,11160500
001009,45.32,46.06,44.76,44.76,6033800
001010,45.57,46.31,45.01,46.00,6683200
001011,45.75,46.00,44.51,44.95,8390900
001012,41.66,44.33,41.10,43.77,19439900
001013,43.27,44.76,43.27,44.64,9358200
001016,44.88,47.30,44.82,46.93,7098300
001017,47.18,47.55,45.32,45.63,6268900
001018,45.57,46.62,44.51,46.37,6148400
001019,46.19,47.55,45.75,47.43,6302900
001020,46.50,46.93,45.69,46.19,7153200
001023,46.19,47.43,45.19,46.93,6031300
001024,47.18,48.11,46.87,47.98,5913800
001025,48.05,48.05,45.26,45.57,8390700
001026,45.50,45.57,43.02,43.09,14962100
001027,43.09,43.77,42.90,42.90,12554800
001030,43.02,43.58,42.78,43.40,13205600
001031,43.83,45.44,43.64,45.01,14696600
001101,46.12,47.67,45.75,46.31,23272200
001102,45.63,49.60,45.13,48.05,20850500
001103,48.05,48.73,46.43,46.99,8258500
001106,47.92,48.98,46.68,48.60,7276500
001107,48.60,49.60,47.61,48.54,7137500
001108,48.60,50.46,48.23,48.36,7622900
001109,47.67,47.74,45.81,46.74,8060800
001110,44.64,44.64,42.84,43.33,14914600
001113,42.65,45.07,42.22,44.95,10993000
001114,46.87,48.05,46.37,46.50,8533200
001115,46.25,48.98,46.00,48.60,8646200
001116,48.36,48.79,47.74,47.86,5529700
001117,48.11,49.16,47.24,48.17,6140200
001120,48.23,48.23,47.18,47.49,4379100
001121,47.74,48.11,46.12,46.74,4389000
001122,46.81,46.93,45.50,45.50,4945900
001124,45.57,45.81,44.33,44.82,3482500
001127,46.56,49.41,46.50,48.91,10650400
001128,48.36,50.46,47.67,48.60,9787100
001129,48.85,51.45,48.79,51.45,9903000
001130,51.08,51.76,49.97,51.76,11607100
001201,52.20,52.32,50.28,50.77,10723700
001204,50.53,53.38,49.97,53.38,13404100
001205,53.38,54.86,52.82,54.80,10380600
001206,54.18,55.42,52.88,54.37,10703100
001207,54.62,55.48,54.12,54.55,7646200
001208,54.62,54.93,53.31,54.00,6877000
001211,53.19,53.38,50.40,50.96,11596100
001212,50.09,51.70,49.41,51.45,8344800
001213,51.52,52.32,49.66,49.91,6558500
001214,49.91,50.90,49.53,50.65,7246200
001215,49.10,50.46,49.10,49.47,13142700
001218,50.09,50.77,48.79,50.15,6964800
001219,50.22,50.83,47.24,47.61,9128500
001220,47.67,49.41,46.62,48.60,8283200
001221,49.16,51.89,48.97,51.40,9380200
001222,51.40,52.39,50.53,52.14,7484200
001226,51.89,52.14,48.66,50.28,6021000
001227,50.34,53.07,49.84,52.20,8224300
001228,52.14,53.63,52.14,52.57,4096300
001229,52.33,54.62,52.33,52.76,6582300
010102,52.76,54.69,52.33,53.51,8813600
010103,53.13,58.35,52.57,58.04,19957100
010104,56.61,57.79,55.49,55.80,13812300
010105,56.73,56.73,52.88,53.57,9809200
010108,52.64,54.44,52.51,53.57,8442100
010109,53.13,54.37,52.14,52.39,7210800
010110,50.59,51.71,50.15,51.33,9981400
010111,51.58,52.64,50.46,51.58,6702400
010112,51.64,53.38,51.27,52.57,7322000
010116,53.07,54.44,52.82,54.31,8331600
010117,54.19,54.25,53.20,53.57,7814700
010118,53.07,54.13,52.57,52.70,6877900
010119,51.71,52.33,50.09,50.46,8963300
010122,51.83,53.32,51.64,52.20,7805700
010123,52.64,53.57,52.20,53.01,4917800
010124,53.07,53.26,51.95,53.13,7789400
010125,53.57,55.74,52.57,53.63,9057000
010126,54.56,54.56,52.70,53.26,5230900
010129,53.33,54.28,53.33,53.83,5114200
010130,53.84,53.88,52.80,53.40,5124200
010131,53.83,56.61,53.67,56.41,10848100
010201,56.41,56.41,54.10,55.32,10385300
010202,55.59,55.60,53.78,54.38,5065000
010205,54.62,54.84,52.93,53.47,5604200
010206,53.03,54.12,52.49,52.84,5394000
010207,52.85,54.33,52.84,54.29,4928400
010208,54.18,54.42,51.21,51.94,7967800
010209,51.95,52.98,49.89,50.05,7911400
010212,50.65,53.11,50.61,53.08,7287500
010213,52.69,54.10,51.67,53.73,7423200
010214,53.98,53.98,52.64,52.64,5095000
010215,52.98,53.08,51.30,51.64,7636600
010216,51.44,52.93,51.21,52.00,6659400
010220,51.84,53.92,51.64,53.03,9336500
010221,52.19,52.60,49.71,49.87,8164200
010222,50.65,50.65,48.61,49.36,9154300
010223,49.66,50.45,47.72,49.94,8081600
010226,50.58,51.02,50.10,50.72,6060200
010227,51.25,51.49,49.18,50.64,7047400
010228,50.89,50.95,48.70,49.75,7748200
010301,48.91,49.53,47.67,48.01,8692800
010302,47.66,49.35,47.17,48.58,6472400
010305,48.60,49.20,47.67,48.04,4568100
010306,49.16,49.62,48.56,49.21,5096800
010307,49.71,50.60,49.58,50.35,5419900
010308,51.54,51.54,50.43,51.30,6034400
010309,51.44,51.44,49.76,50.43,5566500
010312,49.91,49.91,47.77,47.98,5740200
010313,48.66,48.96,46.69,48.47,7959100
010314,46.78,47.64,46.21,46.88,8548900
010315,47.03,48.16,46.24,47.52,7509700
010316,47.52,47.52,46.24,46.61,13859800
010319,46.67,47.37,46.38,47.06,5855800
010320,47.04,49.14,47.04,47.55,10035600
010321,47.54,49.50,47.02,48.05,8326900
010322,46.99,47.14,45.66,46.66,11913900
010323,45.60,47.65,44.96,47.31,8282000
010326,48.64,49.53,48.04,49.33,6841800
010327,49.33,50.13,48.88,50.02,9784800
010328,49.73,49.86,48.04,49.39,6875900
010329,49.58,50.38,48.16,50.35,7754000
010330,50.82,50.96,49.23,50.23,8308400
010402,49.73,50.70,49.23,50.37,7437900
010403,50.58,50.72,48.51,48.92,8692100
010404,48.46,50.13,48.44,49.60,7962100
010405,50.28,50.42,49.74,50.27,7790000
010406,49.73,51.04,49.24,50.96,7634400
010409,51.27,51.51,49.53,50.03,7287300
010410,50.87,51.36,50.50,50.57,6986500
010411,49.83,50.43,48.99,49.96,6950300
010412,48.49,49.43,47.15,49.43,9872800
010416,49.43,49.95,48.45,48.78,6754500
010417,48.65,49.17,48.25,48.97,6450800
010418,49.68,52.65,49.36,52.45,12996900
010419,51.45,52.44,51.42,52.22,7043000
010420,52.21,52.22,51.12,51.43,7266900
010423,51.77,52.42,51.37,51.76,5482800
010424,50.48,50.81,49.78,49.83,8175500
010425,50.82,50.82,49.76,50.40,5408400
010426,50.72,51.32,50.28,50.96,5189400
010427,51.82,52.91,51.62,52.54,7764200
010430,53.01,53.01,50.94,51.46,6597800
010501,51.44,53.26,51.12,53.21,7619000
010502,53.16,53.16,52.00,52.79,7689800
010503,52.02,53.16,51.75,52.81,7590700
010504,52.02,53.41,51.73,52.73,7445400
010507,52.12,52.65,51.57,51.77,4717000
010508,51.47,51.71,50.86,51.70,4437600
010509,51.77,51.92,51.02,51.31,5444300
010510,53.01,53.41,52.92,53.13,8215200
010511,53.68,54.17,53.06,53.81,6529600
010514,53.81,54.45,53.55,54.06,4800300
010515,54.06,54.06,51.72,51.72,13411700
010516,50.92,51.84,50.72,51.37,9604400
010517,51.67,51.94,51.02,51.48,6539500
010518,51.67,51.76,51.13,51.76,5860900
010521,51.76,53.01,51.28,52.91,7752900
010522,52.92,53.41,52.61,53.23,6793700
010523,53.01,53.59,51.93,52.24,5566100
010524,52.07,52.95,51.87,52.60,4524500
010525,52.69,52.71,50.92,50.92,5176200
010529,51.67,51.67,50.75,50.93,5000600
010530,50.94,51.92,50.84,51.19,5969800
010531,51.82,52.32,50.99,51.47,5880700
010601,51.26,52.17,51.17,51.44,4155100
010604,51.27,51.52,50.23,50.71,5619900
010605,50.47,51.36,50.42,51.02,5164000
010606,51.02,51.43,50.43,50.48,4193700
010607,49.80,51.07,49.80,50.82,6110300
010608,50.72,50.99,50.48,50.74,3787500
010611,50.67,50.82,49.89,49.96,3233500
010612,49.75,50.69,49.34,50.30,4469200
010613,50.33,50.33,49.79,49.88,3523500
010614,49.63,50.09,49.13,49.23,4554600
010615,49.13,49.46,47.74,47.89,14394400
010618,48.54,49.32,48.09,48.26,7122900
010619,49.20,49.22,48.37,48.60,5176800
010620,49.00,49.70,48.79,49.60,5913000
010621,49.10,50.97,49.10,50.25,8943800
010622,50.48,50.55,49.25,49.78,4833700
010625,50.35,50.35,48.61,48.81,5707400
010626,48.36,49.60,48.34,48.90,6020100
010627,48.83,49.52,48.21,48.31,5127100
010628,48.76,49.59,48.76,49.17,5013700
010629,48.93,50.29,48.41,48.61,9306500
010702,48.76,49.59,48.46,49.55,5491200
010703,49.50,49.50,48.75,49.02,3803700
010705,49.15,49.18,48.26,48.41,5132100
010706,48.36,48.37,46.52,47.15,6664200
010709,47.29,48.21,46.86,48.06,6081800
010710,48.31,48.48,47.19,47.31,6461600
010711,47.96,49.20,47.43,48.66,7910500
010712,50.35,51.64,49.75,51.64,11705100
010713,51.64,53.02,50.93,52.69,9845500
010716,53.19,53.84,52.90,53.27,11402300
010717,53.63,53.64,52.73,53.14,8785400
010718,52.66,53.77,52.32,53.77,7180300
010719,53.77,54.28,53.60,54.01,8230700
010720,53.79,54.37,53.69,54.06,5894900
010723,53.69,54.05,52.64,52.82,5361100
010724,52.84,52.99,52.29,52.89,6075300
010725,52.89,54.88,52.52,54.88,9512400
010726,54.88,55.29,53.96,55.28,8425900
010727,55.53,55.78,54.79,55.19,5169300
010730,55.78,55.83,53.97,55.66,7168200
010731,55.30,56.28,55.18,55.68,7725600
010801,55.18,56.54,54.73,54.79,6168500
010802,55.22,55.93,54.83,55.77,5746300
010803,55.68,55.75,54.83,55.17,4170000
010806,55.36,55.36,53.85,54.28,5712600
010807,54.46,55.06,53.93,54.86,5155500
010808,54.38,55.65,54.18,54.31,6387000
010809,54.20,54.57,53.09,53.95,8539200
010810,53.74,53.79,52.29,53.39,8245600
010813,53.34,53.56,51.59,51.99,10140400
010814,51.05,52.49,50.93,52.15,10067600
010815,52.11,52.71,51.61,51.79,6033000
010816,51.32,51.99,50.47,51.48,6205200
010817,51.30,51.30,49.90,50.60,5901700
010820,51.10,51.41,50.60,51.38,4349000
010821,51.20,51.41,49.68,49.74,6542700
010822,49.81,50.34,49.31,50.04,5818100
010823,49.85,50.23,49.30,49.54,5545200
010824,49.45,50.80,49.45,50.75,7268400
010827,51.00,51.30,50.19,50.19,4675000
010828,49.70,50.00,49.50,49.90,6149700
010829,49.85,50.22,48.84,48.95,5440500
010830,48.90,49.27,47.05,47.41,9639000
010831,47.51,48.81,47.51,47.86,7555100
010904,48.04,49.68,48.02,48.26,7324700
010905,48.13,49.15,46.81,48.95,9833200
010906,48.76,49.46,46.81,47.18,10383500
010907,46.71,46.71,44.94,46.04,10431700
010910,45.32,46.81,44.86,46.05,6726900
010917,43.83,45.92,41.83,43.83,17501800
010918,44.82,46.17,43.98,45.17,10510300
010919,45.17,45.97,44.08,45.34,11716600
010920,45.24,45.83,44.90,45.20,12656400
010921,44.04,45.84,43.79,44.55,16443600
010924,46.39,47.86,45.90,47.16,13901700
010925,48.08,48.98,47.93,48.28,15973800
010926,49.23,49.36,48.50,49.36,12116300
010927,49.36,49.57,47.99,49.27,9247000
010928,49.33,49.83,48.69,49.38,9560200
011001,49.38,49.93,48.02,49.64,11988600
011002,49.93,51.87,49.68,51.47,11404200
011003,51.76,53.34,51.37,52.60,13951800
011004,52.67,52.82,51.29,51.37,10199000
011005,51.39,52.27,50.88,52.27,9463200
011008,52.28,52.28,50.84,50.99,6702000
011009,51.37,52.07,50.88,51.95,8068400
011010,52.20,53.57,52.07,53.50,9481900
011011,53.82,54.62,52.72,53.36,12260600
011012,52.72,52.87,51.67,52.77,10740100
011015,52.49,53.35,52.28,53.35,6259700
011016,53.35,53.87,52.37,53.01,6767600
011017,53.12,53.61,52.02,52.09,6638500
011018,52.20,52.67,51.29,51.77,7829100
011019,52.02,52.94,51.47,52.88,6044500
011022,52.67,53.47,51.95,52.91,6544200
011023,52.91,53.42,52.02,52.48,6188400
011024,52.84,53.06,52.30,52.35,5230800
011025,51.67,53.17,51.38,53.17,6892800
011026,53.02,53.69,52.37,53.29,5123700
011029,52.77,52.93,51.58,51.77,6024800
011030,51.37,51.62,50.24,50.48,7094900
011031,50.58,52.19,50.53,51.27,7034600
011101,51.08,52.82,50.74,52.11,8601900
011102,51.67,53.05,51.63,52.84,5794300
011105,53.02,54.17,52.26,53.77,6841200
011106,53.92,54.97,53.52,54.81,8781200
011107,54.72,54.86,53.27,53.69,8222400
011108,54.47,55.27,53.86,54.37,8584100
011109,54.42,55.12,53.76,54.97,5045700
011112,54.42,55.54,53.87,55.44,6500700
011113,55.76,55.81,54.12,54.13,10522000
011114,55.46,55.66,54.92,55.15,9589300
011115,55.44,56.10,55.15,55.86,8452000
011116,55.86,55.86,54.52,54.97,10558400
011119,54.47,55.72,54.47,55.61,7963900
011120,55.56,55.84,54.98,55.56,6336400
011121,55.38,55.47,54.71,54.99,4989500
011123,54.94,55.71,54.93,55.66,2307000
011126,55.56,55.88,55.18,55.61,7702400
011127,55.41,55.67,54.70,54.95,9664100
011128,54.77,55.62,54.35,54.87,7469400
011129,54.97,55.16,54.37,54.52,5727700
011130,54.87,55.76,54.77,55.02,8414300
011203,54.93,55.10,54.05,54.45,7615500
011204,54.27,55.04,54.07,55.04,6865500
011205,55.04,56.43,54.81,56.43,9031700
011206,55.81,55.85,55.28,55.48,7044300
011207,55.08,55.46,54.62,55.21,4602400
011210,54.97,55.27,54.14,54.14,5293400
011211,53.99,54.67,53.38,53.95,6097600
011212,53.89,54.57,53.37,54.20,5772300
011213,53.95,53.96,52.97,53.23,7847100
011214,53.57,54.28,52.90,53.93,6015900
011217,54.02,55.71,53.75,55.71,8463200
011218,55.77,55.96,55.28,55.64,8798500
011219,55.61,56.43,55.28,56.21,8212100
011220,56.26,57.07,56.13,56.19,7845000
011221,56.77,57.51,56.46,57.50,13126800
011224,57.45,57.63,57.06,57.06,2031400
011226,57.68,58.50,57.64,58.08,6638900
011227,58.03,58.53,57.70,58.30,4822200
011228,58.28,58.67,58.07,58.28,4343400
011231,58.03,58.41,57.48,57.48,5134700
020102,57.58,58.08,56.92,57.98,6677900
020103,57.88,58.23,57.43,57.91,5957300
020104,57.59,58.19,57.13,57.53,6679700
020107,57.38,58.03,57.14,57.32,5360400
020108,57.62,57.93,57.26,57.77,4370200
020109,57.08,57.46,56.12,56.33,7575800
020110,56.33,57.28,56.19,56.93,6466400
020111,56.58,56.67,55.46,55.73,7271300
020114,55.73,56.83,55.69,55.69,6713800
020115,55.69,56.83,55.24,56.80,8086100
020116,56.80,56.80,55.43,55.92,5506400
020117,55.78,57.15,55.63,56.69,7796500
020118,56.48,56.82,55.90,56.28,7007400
020122,57.05,58.63,57.04,57.94,9990000
020123,58.33,59.88,58.15,59.79,10682200
020124,59.79,59.88,59.23,59.60,7984100
020125,59.29,59.41,57.99,58.33,7322100
020128,58.63,59.11,58.25,58.56,5142700
020129,59.01,59.41,57.84,57.84,7373900
020130,57.73,59.88,57.68,59.68,10006100
020131,59.53,59.91,59.03,59.91,6861200
020201,59.63,59.83,58.68,59.19,6697000
020204,59.51,59.83,58.58,58.83,6514600
020205,58.97,59.43,58.38,58.73,6626800
020206,58.63,59.18,58.34,58.81,6421200
020207,59.08,59.68,58.27,58.32,8419300
020208,58.32,59.08,58.03,59.08,6378800
020211,59.42,60.23,59.31,60.18,8501000
020212,59.78,60.28,59.73,60.03,5323600
020213,60.23,60.65,59.81,60.05,6399600
020214,60.28,60.52,59.86,60.42,5986000
020215,60.42,60.52,59.83,59.96,7257600
020219,59.33,60.11,59.13,59.22,9060600
020220,59.30,60.13,58.73,59.95,8194100
020221,60.08,60.80,59.32,59.48,7339600
020222,59.58,59.88,58.53,59.88,7603200
020225,60.13,60.68,59.99,60.58,8342500
020226,60.73,62.21,60.38,62.03,11650400
020227,62.53,62.78,61.68,62.18,12977300
020228,62.63,62.81,61.47,61.94,11995700
020301,62.13,62.74,61.99,62.74,7519600
020304,62.88,63.01,62.11,62.91,8167600
020305,62.25,62.52,60.48,60.69,12356700
020306,60.90,61.41,60.23,60.83,10196200
020307,61.43,61.88,60.92,61.63,9292400
020308,62.11,62.83,61.93,62.45,10461200
020311,62.74,62.74,61.96,62.46,6698200
020312,61.83,62.33,61.82,62.16,6980900
020313,61.68,62.02,61.23,61.92,6178300
020314,61.88,62.52,61.84,62.20,5020200
020315,62.61,63.67,62.38,63.67,13302500
020318,63.84,63.86,62.63,63.47,6358800
020319,63.62,63.76,62.97,63.38,5544900
020320,62.95,63.44,62.93,63.18,7102100
020321,62.95,63.19,61.95,62.20,5802400
020322,62.20,62.24,61.57,62.05,5499200
020325,61.85,62.18,61.28,61.28,5917900
020326,61.35,62.39,61.35,62.17,6183500
020327,62.05,62.30,61.62,62.00,6930800
020328,62.01,62.17,61.28,61.30,5830000
020401,60.35,60.36,58.62,59.56,13248900
020402,59.50,59.51,58.75,58.93,7788800
020403,59.40,59.80,57.75,58.60,8932800
020404,58.80,59.60,58.72,59.28,6853300
020405,59.23,59.75,58.78,59.14,5321600
020408,59.00,59.95,58.52,59.78,6139300
020409,60.10,60.45,59.90,60.10,6229800
020410,60.25,60.70,59.87,60.57,7116000
020411,60.65,61.81,60.01,60.17,8567000
020412,60.70,61.85,60.29,61.23,6488900
020415,61.05,61.27,59.52,59.93,5770000
020416,60.20,60.71,59.60,60.00,7013800
020417,60.55,60.55,58.65,59.29,9141200
020418,58.55,59.42,56.74,58.15,11727300
020419,58.80,59.10,58.14,58.93,5848200
